# arrays of finj_ct 
1.822e-89
1.585e-89
1.380e-89
1.201e-89
1.045e-89
9.098e-90
7.918e-90
6.892e-90
5.998e-90
5.221e-90
4.544e-90
3.955e-90
3.442e-90
2.996e-90
2.607e-90
2.269e-90
1.975e-90
1.719e-90
1.496e-90
1.302e-90
1.133e-90
9.865e-91
8.586e-91
7.473e-91
6.504e-91
5.661e-91
4.927e-91
4.288e-91
3.733e-91
3.249e-91
2.827e-91
2.461e-91
2.142e-91
1.864e-91
1.623e-91
1.412e-91
1.229e-91
1.070e-91
9.311e-92
8.104e-92
7.053e-92
6.139e-92
5.343e-92
4.650e-92
4.047e-92
3.523e-92
3.066e-92
2.669e-92
2.323e-92
2.021e-92
1.759e-92
1.531e-92
1.333e-92
1.160e-92
1.010e-92
8.787e-93
7.648e-93
6.657e-93
5.794e-93
5.043e-93
4.389e-93
3.820e-93
3.325e-93
2.894e-93
2.519e-93
2.192e-93
1.908e-93
1.661e-93
1.445e-93
1.258e-93
1.095e-93
9.529e-94
8.293e-94
7.218e-94
6.283e-94
5.468e-94
4.759e-94
4.142e-94
3.605e-94
3.138e-94
2.731e-94
2.377e-94
2.069e-94
1.801e-94
1.567e-94
1.364e-94
1.187e-94
1.033e-94
8.993e-95
7.827e-95
6.813e-95
5.929e-95
5.161e-95
4.492e-95
3.909e-95
3.403e-95
2.961e-95
2.578e-95
2.243e-95
1.953e-95
1.699e-95
1.479e-95
1.287e-95
1.120e-95
9.752e-96
8.488e-96
7.387e-96
6.430e-96
5.596e-96
4.871e-96
4.239e-96
3.690e-96
3.211e-96
2.795e-96
2.433e-96
2.117e-96
1.843e-96
1.604e-96
1.396e-96
1.215e-96
1.057e-96
9.204e-97
8.011e-97
6.972e-97
6.068e-97
5.281e-97
4.597e-97
4.001e-97
3.482e-97
3.031e-97
2.638e-97
2.296e-97
1.998e-97
1.739e-97
1.514e-97
1.317e-97
1.147e-97
9.980e-98
8.686e-98
7.560e-98
6.580e-98
5.727e-98
4.985e-98
4.338e-98
3.776e-98
3.286e-98
2.860e-98
2.490e-98
2.167e-98
1.886e-98
1.641e-98
1.429e-98
1.243e-98
1.082e-98
9.419e-99
8.198e-99
7.135e-99
6.210e-99
5.405e-99
4.704e-99
4.095e-99
3.564e-99
3.102e-99
2.700e-99
2.350e-99
2.045e-99
1.780e-99
1.549e-99
1.348e-99
1.174e-99
1.021e-99
8.890e-100
7.737e-100
6.734e-100
5.861e-100
5.101e-100
4.440e-100
3.864e-100
3.363e-100
2.927e-100
2.548e-100
2.218e-100
1.930e-100
1.680e-100
1.462e-100
1.273e-100
1.108e-100
9.640e-101
8.390e-101
7.302e-101
6.356e-101
5.532e-101
4.815e-101
4.190e-101
3.647e-101
3.174e-101
2.763e-101
2.405e-101
2.093e-101
1.822e-101
