# arrays of finj_ct 
2.446e-91
2.129e-91
1.853e-91
1.612e-91
1.403e-91
1.221e-91
1.063e-91
9.253e-92
8.053e-92
7.009e-92
6.101e-92
5.310e-92
4.621e-92
4.022e-92
3.501e-92
3.047e-92
2.652e-92
2.308e-92
2.009e-92
1.748e-92
1.522e-92
1.325e-92
1.153e-92
1.003e-92
8.733e-93
7.601e-93
6.615e-93
5.758e-93
5.011e-93
4.362e-93
3.796e-93
3.304e-93
2.876e-93
2.503e-93
2.178e-93
1.896e-93
1.650e-93
1.436e-93
1.250e-93
1.088e-93
9.470e-94
8.242e-94
7.173e-94
6.244e-94
5.434e-94
4.730e-94
4.116e-94
3.583e-94
3.118e-94
2.714e-94
2.362e-94
2.056e-94
1.789e-94
1.557e-94
1.356e-94
1.180e-94
1.027e-94
8.937e-95
7.779e-95
6.770e-95
5.893e-95
5.129e-95
4.464e-95
3.885e-95
3.381e-95
2.943e-95
2.561e-95
2.229e-95
1.940e-95
1.689e-95
1.470e-95
1.279e-95
1.113e-95
9.691e-96
8.435e-96
7.341e-96
6.390e-96
5.561e-96
4.840e-96
4.213e-96
3.667e-96
3.191e-96
2.778e-96
2.418e-96
2.104e-96
1.831e-96
1.594e-96
1.387e-96
1.207e-96
1.051e-96
9.147e-97
7.961e-97
6.929e-97
6.031e-97
5.249e-97
4.568e-97
3.976e-97
3.461e-97
3.012e-97
2.621e-97
2.282e-97
1.986e-97
1.728e-97
1.504e-97
1.309e-97
1.140e-97
9.918e-98
8.632e-98
7.513e-98
6.539e-98
5.692e-98
4.954e-98
4.311e-98
3.753e-98
3.266e-98
2.843e-98
2.474e-98
2.153e-98
1.874e-98
1.631e-98
1.420e-98
1.236e-98
1.075e-98
9.361e-99
8.147e-99
7.091e-99
6.172e-99
5.372e-99
4.675e-99
4.069e-99
3.542e-99
3.082e-99
2.683e-99
2.335e-99
2.032e-99
1.769e-99
1.540e-99
1.340e-99
1.166e-99
1.015e-99
8.835e-100
7.689e-100
6.692e-100
5.825e-100
5.070e-100
4.412e-100
3.840e-100
3.343e-100
2.909e-100
2.532e-100
2.204e-100
1.918e-100
1.669e-100
1.453e-100
1.265e-100
1.101e-100
9.580e-101
8.338e-101
7.257e-101
6.316e-101
5.497e-101
4.785e-101
4.164e-101
3.625e-101
3.155e-101
2.746e-101
2.390e-101
2.080e-101
1.810e-101
1.576e-101
1.371e-101
1.194e-101
1.039e-101
9.041e-102
7.869e-102
6.849e-102
5.961e-102
5.188e-102
4.516e-102
3.930e-102
3.421e-102
2.977e-102
2.591e-102
2.255e-102
1.963e-102
1.709e-102
1.487e-102
1.294e-102
1.126e-102
9.804e-103
8.533e-103
7.427e-103
6.464e-103
5.626e-103
4.897e-103
4.262e-103
3.709e-103
3.228e-103
2.810e-103
2.446e-103
