# arrays of finj_ct 
3.035e+05
2.641e+05
2.299e+05
2.001e+05
1.742e+05
1.516e+05
1.319e+05
1.148e+05
9.993e+04
8.698e+04
7.570e+04
6.589e+04
5.735e+04
4.991e+04
4.344e+04
3.781e+04
3.291e+04
2.864e+04
2.493e+04
2.170e+04
1.888e+04
1.644e+04
1.431e+04
1.245e+04
1.084e+04
9.432e+03
8.209e+03
7.145e+03
6.219e+03
5.412e+03
4.711e+03
4.100e+03
3.568e+03
3.106e+03
2.703e+03
2.353e+03
2.048e+03
1.782e+03
1.551e+03
1.350e+03
1.175e+03
1.023e+03
8.902e+02
7.748e+02
6.743e+02
5.869e+02
5.108e+02
4.446e+02
3.870e+02
3.368e+02
2.931e+02
2.551e+02
2.221e+02
1.933e+02
1.682e+02
1.464e+02
1.274e+02
1.109e+02
9.653e+01
8.401e+01
7.312e+01
6.364e+01
5.539e+01
4.821e+01
4.196e+01
3.652e+01
3.179e+01
2.766e+01
2.408e+01
2.096e+01
1.824e+01
1.588e+01
1.382e+01
1.203e+01
1.047e+01
9.110e+00
7.929e+00
6.901e+00
6.006e+00
5.228e+00
4.550e+00
3.960e+00
3.447e+00
3.000e+00
2.611e+00
2.272e+00
1.978e+00
1.721e+00
1.498e+00
1.304e+00
1.135e+00
9.879e-01
8.598e-01
7.483e-01
6.513e-01
5.669e-01
4.934e-01
4.294e-01
3.738e-01
3.253e-01
2.831e-01
2.464e-01
2.145e-01
1.867e-01
1.625e-01
1.414e-01
1.231e-01
1.071e-01
9.323e-02
8.115e-02
7.063e-02
6.147e-02
5.350e-02
4.656e-02
4.053e-02
3.527e-02
3.070e-02
2.672e-02
2.326e-02
2.024e-02
1.762e-02
1.533e-02
1.335e-02
1.162e-02
1.011e-02
8.799e-03
7.658e-03
6.666e-03
5.801e-03
5.049e-03
4.395e-03
3.825e-03
3.329e-03
2.898e-03
2.522e-03
2.195e-03
1.910e-03
1.663e-03
1.447e-03
1.260e-03
1.096e-03
9.541e-04
8.305e-04
7.228e-04
6.291e-04
5.475e-04
4.766e-04
4.148e-04
3.610e-04
3.142e-04
2.735e-04
2.380e-04
2.072e-04
1.803e-04
1.569e-04
1.366e-04
1.189e-04
1.035e-04
9.005e-05
7.838e-05
6.822e-05
5.937e-05
5.168e-05
4.498e-05
3.915e-05
3.407e-05
2.965e-05
2.581e-05
2.246e-05
1.955e-05
1.702e-05
1.481e-05
1.289e-05
1.122e-05
9.765e-06
8.499e-06
7.397e-06
6.438e-06
5.604e-06
4.877e-06
4.245e-06
3.694e-06
3.216e-06
2.799e-06
2.436e-06
2.120e-06
1.845e-06
1.606e-06
1.398e-06
1.217e-06
1.059e-06
9.216e-07
8.021e-07
6.981e-07
6.076e-07
5.289e-07
4.603e-07
4.006e-07
3.487e-07
3.035e-07
