# arrays of finj_ct 
1.254e+07
1.091e+07
9.500e+06
8.268e+06
7.196e+06
6.263e+06
5.451e+06
4.745e+06
4.129e+06
3.594e+06
3.128e+06
2.723e+06
2.370e+06
2.062e+06
1.795e+06
1.562e+06
1.360e+06
1.184e+06
1.030e+06
8.966e+05
7.803e+05
6.792e+05
5.911e+05
5.145e+05
4.478e+05
3.897e+05
3.392e+05
2.952e+05
2.570e+05
2.236e+05
1.947e+05
1.694e+05
1.475e+05
1.283e+05
1.117e+05
9.722e+04
8.462e+04
7.365e+04
6.410e+04
5.579e+04
4.856e+04
4.226e+04
3.678e+04
3.201e+04
2.786e+04
2.425e+04
2.111e+04
1.837e+04
1.599e+04
1.392e+04
1.211e+04
1.054e+04
9.175e+03
7.986e+03
6.951e+03
6.050e+03
5.265e+03
4.583e+03
3.989e+03
3.472e+03
3.021e+03
2.630e+03
2.289e+03
1.992e+03
1.734e+03
1.509e+03
1.313e+03
1.143e+03
9.950e+02
8.660e+02
7.537e+02
6.560e+02
5.709e+02
4.969e+02
4.325e+02
3.764e+02
3.276e+02
2.852e+02
2.482e+02
2.160e+02
1.880e+02
1.636e+02
1.424e+02
1.240e+02
1.079e+02
9.390e+01
8.173e+01
7.113e+01
6.191e+01
5.389e+01
4.690e+01
4.082e+01
3.553e+01
3.092e+01
2.691e+01
2.342e+01
2.039e+01
1.774e+01
1.544e+01
1.344e+01
1.170e+01
1.018e+01
8.862e+00
7.713e+00
6.713e+00
5.843e+00
5.086e+00
4.426e+00
3.853e+00
3.353e+00
2.918e+00
2.540e+00
2.211e+00
1.924e+00
1.675e+00
1.458e+00
1.269e+00
1.104e+00
9.610e-01
8.364e-01
7.280e-01
6.336e-01
5.515e-01
4.800e-01
4.178e-01
3.636e-01
3.165e-01
2.754e-01
2.397e-01
2.086e-01
1.816e-01
1.581e-01
1.376e-01
1.197e-01
1.042e-01
9.070e-02
7.894e-02
6.871e-02
5.980e-02
5.205e-02
4.530e-02
3.943e-02
3.432e-02
2.987e-02
2.599e-02
2.262e-02
1.969e-02
1.714e-02
1.492e-02
1.298e-02
1.130e-02
9.835e-03
8.560e-03
7.450e-03
6.484e-03
5.644e-03
4.912e-03
4.275e-03
3.721e-03
3.239e-03
2.819e-03
2.453e-03
2.135e-03
1.858e-03
1.618e-03
1.408e-03
1.225e-03
1.066e-03
9.282e-04
8.079e-04
7.032e-04
6.120e-04
5.327e-04
4.636e-04
4.035e-04
3.512e-04
3.057e-04
2.660e-04
2.315e-04
2.015e-04
1.754e-04
1.527e-04
1.329e-04
1.156e-04
1.007e-04
8.760e-05
7.625e-05
6.636e-05
5.776e-05
5.027e-05
4.375e-05
3.808e-05
3.314e-05
2.885e-05
2.511e-05
2.185e-05
1.902e-05
1.655e-05
1.441e-05
1.254e-05
