# arrays of finj_ct 
6.989e-91
6.083e-91
5.294e-91
4.608e-91
4.011e-91
3.491e-91
3.038e-91
2.644e-91
2.301e-91
2.003e-91
1.743e-91
1.517e-91
1.321e-91
1.149e-91
1.000e-91
8.708e-92
7.579e-92
6.596e-92
5.741e-92
4.997e-92
4.349e-92
3.785e-92
3.294e-92
2.867e-92
2.496e-92
2.172e-92
1.891e-92
1.645e-92
1.432e-92
1.246e-92
1.085e-92
9.442e-93
8.218e-93
7.153e-93
6.225e-93
5.418e-93
4.716e-93
4.105e-93
3.572e-93
3.109e-93
2.706e-93
2.355e-93
2.050e-93
1.784e-93
1.553e-93
1.352e-93
1.176e-93
1.024e-93
8.911e-94
7.756e-94
6.751e-94
5.875e-94
5.114e-94
4.451e-94
3.874e-94
3.372e-94
2.935e-94
2.554e-94
2.223e-94
1.935e-94
1.684e-94
1.466e-94
1.276e-94
1.110e-94
9.663e-95
8.411e-95
7.320e-95
6.371e-95
5.545e-95
4.826e-95
4.201e-95
3.656e-95
3.182e-95
2.770e-95
2.411e-95
2.098e-95
1.826e-95
1.589e-95
1.383e-95
1.204e-95
1.048e-95
9.120e-96
7.938e-96
6.909e-96
6.013e-96
5.233e-96
4.555e-96
3.965e-96
3.451e-96
3.003e-96
2.614e-96
2.275e-96
1.980e-96
1.723e-96
1.500e-96
1.305e-96
1.136e-96
9.889e-97
8.607e-97
7.492e-97
6.520e-97
5.675e-97
4.939e-97
4.299e-97
3.742e-97
3.257e-97
2.834e-97
2.467e-97
2.147e-97
1.869e-97
1.627e-97
1.416e-97
1.232e-97
1.072e-97
9.334e-98
8.124e-98
7.070e-98
6.154e-98
5.356e-98
4.662e-98
4.057e-98
3.531e-98
3.074e-98
2.675e-98
2.328e-98
2.026e-98
1.764e-98
1.535e-98
1.336e-98
1.163e-98
1.012e-98
8.809e-99
7.667e-99
6.673e-99
5.808e-99
5.055e-99
4.400e-99
3.829e-99
3.333e-99
2.901e-99
2.525e-99
2.197e-99
1.913e-99
1.665e-99
1.449e-99
1.261e-99
1.097e-99
9.552e-100
8.314e-100
7.236e-100
6.298e-100
5.481e-100
4.771e-100
4.152e-100
3.614e-100
3.145e-100
2.738e-100
2.383e-100
2.074e-100
1.805e-100
1.571e-100
1.367e-100
1.190e-100
1.036e-100
9.015e-101
7.846e-101
6.829e-101
5.944e-101
5.173e-101
4.503e-101
3.919e-101
3.411e-101
2.969e-101
2.584e-101
2.249e-101
1.957e-101
1.704e-101
1.483e-101
1.290e-101
1.123e-101
9.776e-102
8.508e-102
7.405e-102
6.445e-102
5.610e-102
4.882e-102
4.250e-102
3.699e-102
3.219e-102
2.802e-102
2.439e-102
2.122e-102
1.847e-102
1.608e-102
1.399e-102
1.218e-102
1.060e-102
9.226e-103
8.030e-103
6.989e-103
