# arrays of finj_ct 
3.479e-89
3.028e-89
2.635e-89
2.294e-89
1.996e-89
1.738e-89
1.512e-89
1.316e-89
1.146e-89
9.971e-90
8.678e-90
7.553e-90
6.574e-90
5.722e-90
4.980e-90
4.334e-90
3.772e-90
3.283e-90
2.858e-90
2.487e-90
2.165e-90
1.884e-90
1.640e-90
1.427e-90
1.242e-90
1.081e-90
9.410e-91
8.190e-91
7.129e-91
6.204e-91
5.400e-91
4.700e-91
4.091e-91
3.560e-91
3.099e-91
2.697e-91
2.347e-91
2.043e-91
1.778e-91
1.548e-91
1.347e-91
1.172e-91
1.020e-91
8.881e-92
7.730e-92
6.728e-92
5.856e-92
5.097e-92
4.436e-92
3.861e-92
3.360e-92
2.925e-92
2.545e-92
2.215e-92
1.928e-92
1.678e-92
1.461e-92
1.271e-92
1.107e-92
9.631e-93
8.382e-93
7.296e-93
6.350e-93
5.527e-93
4.810e-93
4.187e-93
3.644e-93
3.171e-93
2.760e-93
2.402e-93
2.091e-93
1.820e-93
1.584e-93
1.379e-93
1.200e-93
1.044e-93
9.089e-94
7.911e-94
6.885e-94
5.993e-94
5.216e-94
4.540e-94
3.951e-94
3.439e-94
2.993e-94
2.605e-94
2.267e-94
1.973e-94
1.718e-94
1.495e-94
1.301e-94
1.132e-94
9.856e-95
8.578e-95
7.466e-95
6.498e-95
5.656e-95
4.923e-95
4.285e-95
3.729e-95
3.246e-95
2.825e-95
2.459e-95
2.140e-95
1.862e-95
1.621e-95
1.411e-95
1.228e-95
1.069e-95
9.302e-96
8.096e-96
7.047e-96
6.133e-96
5.338e-96
4.646e-96
4.044e-96
3.519e-96
3.063e-96
2.666e-96
2.320e-96
2.020e-96
1.758e-96
1.530e-96
1.332e-96
1.159e-96
1.009e-96
8.779e-97
7.641e-97
6.651e-97
5.788e-97
5.038e-97
4.385e-97
3.816e-97
3.322e-97
2.891e-97
2.516e-97
2.190e-97
1.906e-97
1.659e-97
1.444e-97
1.257e-97
1.094e-97
9.520e-98
8.286e-98
7.212e-98
6.277e-98
5.463e-98
4.755e-98
4.138e-98
3.602e-98
3.135e-98
2.728e-98
2.375e-98
2.067e-98
1.799e-98
1.566e-98
1.363e-98
1.186e-98
1.032e-98
8.985e-99
7.820e-99
6.806e-99
5.924e-99
5.156e-99
4.487e-99
3.906e-99
3.399e-99
2.959e-99
2.575e-99
2.241e-99
1.951e-99
1.698e-99
1.478e-99
1.286e-99
1.119e-99
9.743e-100
8.480e-100
7.380e-100
6.424e-100
5.591e-100
4.866e-100
4.235e-100
3.686e-100
3.208e-100
2.792e-100
2.430e-100
2.115e-100
1.841e-100
1.602e-100
1.395e-100
1.214e-100
1.056e-100
9.195e-101
8.003e-101
6.966e-101
6.063e-101
5.277e-101
4.593e-101
3.997e-101
3.479e-101
