# arrays of finj_ct 
1.423e+04
1.239e+04
1.078e+04
9.385e+03
8.168e+03
7.109e+03
6.187e+03
5.385e+03
4.687e+03
4.080e+03
3.551e+03
3.090e+03
2.690e+03
2.341e+03
2.038e+03
1.773e+03
1.543e+03
1.343e+03
1.169e+03
1.018e+03
8.857e+02
7.709e+02
6.709e+02
5.840e+02
5.083e+02
4.424e+02
3.850e+02
3.351e+02
2.917e+02
2.538e+02
2.209e+02
1.923e+02
1.674e+02
1.457e+02
1.268e+02
1.103e+02
9.604e+01
8.359e+01
7.276e+01
6.332e+01
5.511e+01
4.797e+01
4.175e+01
3.634e+01
3.163e+01
2.753e+01
2.396e+01
2.085e+01
1.815e+01
1.580e+01
1.375e+01
1.197e+01
1.041e+01
9.064e+00
7.889e+00
6.867e+00
5.976e+00
5.202e+00
4.527e+00
3.940e+00
3.429e+00
2.985e+00
2.598e+00
2.261e+00
1.968e+00
1.713e+00
1.491e+00
1.298e+00
1.129e+00
9.829e-01
8.555e-01
7.446e-01
6.481e-01
5.640e-01
4.909e-01
4.273e-01
3.719e-01
3.237e-01
2.817e-01
2.452e-01
2.134e-01
1.857e-01
1.617e-01
1.407e-01
1.225e-01
1.066e-01
9.277e-02
8.074e-02
7.027e-02
6.116e-02
5.323e-02
4.633e-02
4.033e-02
3.510e-02
3.055e-02
2.659e-02
2.314e-02
2.014e-02
1.753e-02
1.526e-02
1.328e-02
1.156e-02
1.006e-02
8.755e-03
7.620e-03
6.632e-03
5.772e-03
5.024e-03
4.373e-03
3.806e-03
3.312e-03
2.883e-03
2.509e-03
2.184e-03
1.901e-03
1.654e-03
1.440e-03
1.253e-03
1.091e-03
9.494e-04
8.263e-04
7.192e-04
6.259e-04
5.448e-04
4.742e-04
4.127e-04
3.592e-04
3.126e-04
2.721e-04
2.368e-04
2.061e-04
1.794e-04
1.561e-04
1.359e-04
1.183e-04
1.029e-04
8.960e-05
7.799e-05
6.788e-05
5.908e-05
5.142e-05
4.475e-05
3.895e-05
3.390e-05
2.951e-05
2.568e-05
2.235e-05
1.945e-05
1.693e-05
1.474e-05
1.283e-05
1.116e-05
9.716e-06
8.456e-06
7.360e-06
6.406e-06
5.576e-06
4.853e-06
4.224e-06
3.676e-06
3.199e-06
2.785e-06
2.424e-06
2.109e-06
1.836e-06
1.598e-06
1.391e-06
1.211e-06
1.054e-06
9.170e-07
7.981e-07
6.946e-07
6.046e-07
5.262e-07
4.580e-07
3.986e-07
3.469e-07
3.020e-07
2.628e-07
2.287e-07
1.991e-07
1.733e-07
1.508e-07
1.313e-07
1.142e-07
9.944e-08
8.654e-08
7.532e-08
6.556e-08
5.706e-08
4.966e-08
4.322e-08
3.762e-08
3.274e-08
2.850e-08
2.480e-08
2.159e-08
1.879e-08
1.635e-08
1.423e-08
