# arrays of finj_ct 
4.722e-92
4.110e-92
3.577e-92
3.113e-92
2.710e-92
2.359e-92
2.053e-92
1.787e-92
1.555e-92
1.353e-92
1.178e-92
1.025e-92
8.923e-93
7.767e-93
6.760e-93
5.883e-93
5.121e-93
4.457e-93
3.879e-93
3.376e-93
2.938e-93
2.558e-93
2.226e-93
1.937e-93
1.686e-93
1.468e-93
1.277e-93
1.112e-93
9.676e-94
8.422e-94
7.330e-94
6.380e-94
5.553e-94
4.833e-94
4.206e-94
3.661e-94
3.186e-94
2.773e-94
2.414e-94
2.101e-94
1.828e-94
1.591e-94
1.385e-94
1.206e-94
1.049e-94
9.132e-95
7.948e-95
6.918e-95
6.021e-95
5.241e-95
4.561e-95
3.970e-95
3.455e-95
3.007e-95
2.617e-95
2.278e-95
1.983e-95
1.726e-95
1.502e-95
1.307e-95
1.138e-95
9.903e-96
8.619e-96
7.502e-96
6.529e-96
5.683e-96
4.946e-96
4.305e-96
3.747e-96
3.261e-96
2.838e-96
2.470e-96
2.150e-96
1.871e-96
1.629e-96
1.418e-96
1.234e-96
1.074e-96
9.346e-97
8.135e-97
7.080e-97
6.162e-97
5.363e-97
4.668e-97
4.063e-97
3.536e-97
3.078e-97
2.679e-97
2.331e-97
2.029e-97
1.766e-97
1.537e-97
1.338e-97
1.164e-97
1.013e-97
8.821e-98
7.677e-98
6.682e-98
5.816e-98
5.062e-98
4.406e-98
3.834e-98
3.337e-98
2.905e-98
2.528e-98
2.200e-98
1.915e-98
1.667e-98
1.451e-98
1.263e-98
1.099e-98
9.565e-99
8.325e-99
7.246e-99
6.306e-99
5.489e-99
4.777e-99
4.158e-99
3.619e-99
3.150e-99
2.741e-99
2.386e-99
2.077e-99
1.807e-99
1.573e-99
1.369e-99
1.192e-99
1.037e-99
9.027e-100
7.857e-100
6.838e-100
5.952e-100
5.180e-100
4.509e-100
3.924e-100
3.415e-100
2.973e-100
2.587e-100
2.252e-100
1.960e-100
1.706e-100
1.485e-100
1.292e-100
1.125e-100
9.789e-101
8.520e-101
7.415e-101
6.454e-101
5.617e-101
4.889e-101
4.255e-101
3.704e-101
3.223e-101
2.806e-101
2.442e-101
2.125e-101
1.850e-101
1.610e-101
1.401e-101
1.220e-101
1.061e-101
9.239e-102
8.041e-102
6.999e-102
6.091e-102
5.302e-102
4.614e-102
4.016e-102
3.495e-102
3.042e-102
2.648e-102
2.305e-102
2.006e-102
1.746e-102
1.519e-102
1.322e-102
1.151e-102
1.002e-102
8.719e-103
7.589e-103
6.605e-103
5.749e-103
5.004e-103
4.355e-103
3.790e-103
3.299e-103
2.871e-103
2.499e-103
2.175e-103
1.893e-103
1.648e-103
1.434e-103
1.248e-103
1.086e-103
9.455e-104
8.229e-104
7.162e-104
6.234e-104
5.426e-104
4.722e-104
