# arrays of finj_ct 
1.481e-90
1.289e-90
1.122e-90
9.765e-91
8.499e-91
7.397e-91
6.438e-91
5.603e-91
4.877e-91
4.245e-91
3.694e-91
3.215e-91
2.799e-91
2.436e-91
2.120e-91
1.845e-91
1.606e-91
1.398e-91
1.217e-91
1.059e-91
9.216e-92
8.021e-92
6.981e-92
6.076e-92
5.288e-92
4.603e-92
4.006e-92
3.487e-92
3.035e-92
2.641e-92
2.299e-92
2.001e-92
1.741e-92
1.516e-92
1.319e-92
1.148e-92
9.993e-93
8.698e-93
7.570e-93
6.589e-93
5.734e-93
4.991e-93
4.344e-93
3.781e-93
3.291e-93
2.864e-93
2.493e-93
2.170e-93
1.888e-93
1.644e-93
1.430e-93
1.245e-93
1.084e-93
9.431e-94
8.209e-94
7.145e-94
6.218e-94
5.412e-94
4.711e-94
4.100e-94
3.568e-94
3.106e-94
2.703e-94
2.353e-94
2.048e-94
1.782e-94
1.551e-94
1.350e-94
1.175e-94
1.023e-94
8.901e-95
7.747e-95
6.743e-95
5.869e-95
5.108e-95
4.446e-95
3.869e-95
3.368e-95
2.931e-95
2.551e-95
2.220e-95
1.933e-95
1.682e-95
1.464e-95
1.274e-95
1.109e-95
9.652e-96
8.401e-96
7.312e-96
6.364e-96
5.539e-96
4.821e-96
4.196e-96
3.652e-96
3.178e-96
2.766e-96
2.408e-96
2.096e-96
1.824e-96
1.587e-96
1.382e-96
1.203e-96
1.047e-96
9.110e-97
7.929e-97
6.901e-97
6.006e-97
5.228e-97
4.550e-97
3.960e-97
3.447e-97
3.000e-97
2.611e-97
2.272e-97
1.978e-97
1.721e-97
1.498e-97
1.304e-97
1.135e-97
9.878e-98
8.598e-98
7.483e-98
6.513e-98
5.669e-98
4.934e-98
4.294e-98
3.737e-98
3.253e-98
2.831e-98
2.464e-98
2.145e-98
1.867e-98
1.625e-98
1.414e-98
1.231e-98
1.071e-98
9.323e-99
8.114e-99
7.062e-99
6.147e-99
5.350e-99
4.656e-99
4.053e-99
3.527e-99
3.070e-99
2.672e-99
2.326e-99
2.024e-99
1.762e-99
1.533e-99
1.335e-99
1.162e-99
1.011e-99
8.799e-100
7.658e-100
6.665e-100
5.801e-100
5.049e-100
4.395e-100
3.825e-100
3.329e-100
2.897e-100
2.522e-100
2.195e-100
1.910e-100
1.663e-100
1.447e-100
1.260e-100
1.096e-100
9.541e-101
8.304e-101
7.228e-101
6.291e-101
5.475e-101
4.765e-101
4.148e-101
3.610e-101
3.142e-101
2.735e-101
2.380e-101
2.071e-101
1.803e-101
1.569e-101
1.366e-101
1.189e-101
1.035e-101
9.005e-102
7.837e-102
6.821e-102
5.937e-102
5.167e-102
4.497e-102
3.914e-102
3.407e-102
2.965e-102
2.581e-102
2.246e-102
1.955e-102
1.702e-102
1.481e-102
