# arrays of finj_ct 
3.828e-90
3.332e-90
2.900e-90
2.524e-90
2.197e-90
1.912e-90
1.664e-90
1.448e-90
1.261e-90
1.097e-90
9.550e-91
8.312e-91
7.234e-91
6.297e-91
5.480e-91
4.770e-91
4.151e-91
3.613e-91
3.145e-91
2.737e-91
2.382e-91
2.073e-91
1.805e-91
1.571e-91
1.367e-91
1.190e-91
1.036e-91
9.013e-92
7.845e-92
6.828e-92
5.943e-92
5.172e-92
4.502e-92
3.918e-92
3.410e-92
2.968e-92
2.583e-92
2.248e-92
1.957e-92
1.703e-92
1.482e-92
1.290e-92
1.123e-92
9.774e-93
8.507e-93
7.404e-93
6.444e-93
5.609e-93
4.881e-93
4.249e-93
3.698e-93
3.218e-93
2.801e-93
2.438e-93
2.122e-93
1.847e-93
1.607e-93
1.399e-93
1.218e-93
1.060e-93
9.224e-94
8.028e-94
6.988e-94
6.082e-94
5.293e-94
4.607e-94
4.010e-94
3.490e-94
3.038e-94
2.644e-94
2.301e-94
2.003e-94
1.743e-94
1.517e-94
1.320e-94
1.149e-94
1.000e-94
8.706e-95
7.577e-95
6.595e-95
5.740e-95
4.996e-95
4.348e-95
3.784e-95
3.294e-95
2.867e-95
2.495e-95
2.172e-95
1.890e-95
1.645e-95
1.432e-95
1.246e-95
1.085e-95
9.440e-96
8.216e-96
7.151e-96
6.224e-96
5.417e-96
4.715e-96
4.104e-96
3.572e-96
3.109e-96
2.706e-96
2.355e-96
2.050e-96
1.784e-96
1.553e-96
1.351e-96
1.176e-96
1.024e-96
8.910e-97
7.755e-97
6.749e-97
5.874e-97
5.113e-97
4.450e-97
3.873e-97
3.371e-97
2.934e-97
2.554e-97
2.223e-97
1.934e-97
1.684e-97
1.465e-97
1.275e-97
1.110e-97
9.661e-98
8.409e-98
7.319e-98
6.370e-98
5.544e-98
4.825e-98
4.200e-98
3.655e-98
3.181e-98
2.769e-98
2.410e-98
2.098e-98
1.826e-98
1.589e-98
1.383e-98
1.204e-98
1.048e-98
9.118e-99
7.936e-99
6.907e-99
6.012e-99
5.232e-99
4.554e-99
3.964e-99
3.450e-99
3.003e-99
2.613e-99
2.275e-99
1.980e-99
1.723e-99
1.500e-99
1.305e-99
1.136e-99
9.887e-100
8.606e-100
7.490e-100
6.519e-100
5.674e-100
4.938e-100
4.298e-100
3.741e-100
3.256e-100
2.834e-100
2.466e-100
2.147e-100
1.868e-100
1.626e-100
1.415e-100
1.232e-100
1.072e-100
9.332e-101
8.122e-101
7.069e-101
6.153e-101
5.355e-101
4.661e-101
4.056e-101
3.531e-101
3.073e-101
2.675e-101
2.328e-101
2.026e-101
1.763e-101
1.535e-101
1.336e-101
1.163e-101
1.012e-101
8.807e-102
7.665e-102
6.672e-102
5.807e-102
5.054e-102
4.399e-102
3.828e-102
