# arrays of finj_ct 
1.868e-91
1.626e-91
1.415e-91
1.231e-91
1.072e-91
9.329e-92
8.119e-92
7.067e-92
6.151e-92
5.353e-92
4.659e-92
4.055e-92
3.529e-92
3.072e-92
2.674e-92
2.327e-92
2.025e-92
1.763e-92
1.534e-92
1.335e-92
1.162e-92
1.012e-92
8.804e-93
7.663e-93
6.669e-93
5.805e-93
5.052e-93
4.397e-93
3.827e-93
3.331e-93
2.899e-93
2.523e-93
2.196e-93
1.912e-93
1.664e-93
1.448e-93
1.260e-93
1.097e-93
9.547e-94
8.309e-94
7.232e-94
6.295e-94
5.479e-94
4.768e-94
4.150e-94
3.612e-94
3.144e-94
2.736e-94
2.382e-94
2.073e-94
1.804e-94
1.570e-94
1.367e-94
1.189e-94
1.035e-94
9.010e-95
7.842e-95
6.826e-95
5.941e-95
5.171e-95
4.500e-95
3.917e-95
3.409e-95
2.967e-95
2.582e-95
2.248e-95
1.956e-95
1.703e-95
1.482e-95
1.290e-95
1.123e-95
9.771e-96
8.504e-96
7.401e-96
6.442e-96
5.607e-96
4.880e-96
4.247e-96
3.697e-96
3.217e-96
2.800e-96
2.437e-96
2.121e-96
1.846e-96
1.607e-96
1.399e-96
1.217e-96
1.059e-96
9.221e-97
8.026e-97
6.985e-97
6.080e-97
5.292e-97
4.606e-97
4.009e-97
3.489e-97
3.037e-97
2.643e-97
2.300e-97
2.002e-97
1.743e-97
1.517e-97
1.320e-97
1.149e-97
9.999e-98
8.703e-98
7.575e-98
6.593e-98
5.738e-98
4.994e-98
4.347e-98
3.783e-98
3.293e-98
2.866e-98
2.494e-98
2.171e-98
1.890e-98
1.645e-98
1.431e-98
1.246e-98
1.084e-98
9.437e-99
8.214e-99
7.149e-99
6.222e-99
5.416e-99
4.713e-99
4.102e-99
3.571e-99
3.108e-99
2.705e-99
2.354e-99
2.049e-99
1.783e-99
1.552e-99
1.351e-99
1.176e-99
1.023e-99
8.907e-100
7.752e-100
6.747e-100
5.872e-100
5.111e-100
4.448e-100
3.872e-100
3.370e-100
2.933e-100
2.553e-100
2.222e-100
1.934e-100
1.683e-100
1.465e-100
1.275e-100
1.110e-100
9.658e-101
8.406e-101
7.316e-101
6.368e-101
5.542e-101
4.824e-101
4.198e-101
3.654e-101
3.180e-101
2.768e-101
2.409e-101
2.097e-101
1.825e-101
1.588e-101
1.383e-101
1.203e-101
1.047e-101
9.115e-102
7.934e-102
6.905e-102
6.010e-102
5.231e-102
4.553e-102
3.962e-102
3.449e-102
3.002e-102
2.613e-102
2.274e-102
1.979e-102
1.722e-102
1.499e-102
1.305e-102
1.136e-102
9.884e-103
8.603e-103
7.488e-103
6.517e-103
5.672e-103
4.937e-103
4.297e-103
3.740e-103
3.255e-103
2.833e-103
2.466e-103
2.146e-103
1.868e-103
