# arrays of finj_ct 
2.982e-88
2.595e-88
2.259e-88
1.966e-88
1.711e-88
1.489e-88
1.296e-88
1.128e-88
9.820e-89
8.547e-89
7.439e-89
6.474e-89
5.635e-89
4.904e-89
4.269e-89
3.715e-89
3.234e-89
2.814e-89
2.449e-89
2.132e-89
1.856e-89
1.615e-89
1.406e-89
1.223e-89
1.065e-89
9.268e-90
8.066e-90
7.020e-90
6.110e-90
5.318e-90
4.629e-90
4.029e-90
3.506e-90
3.052e-90
2.656e-90
2.312e-90
2.012e-90
1.751e-90
1.524e-90
1.327e-90
1.155e-90
1.005e-90
8.747e-91
7.613e-91
6.626e-91
5.767e-91
5.019e-91
4.369e-91
3.802e-91
3.309e-91
2.880e-91
2.507e-91
2.182e-91
1.899e-91
1.653e-91
1.439e-91
1.252e-91
1.090e-91
9.485e-92
8.255e-92
7.185e-92
6.253e-92
5.443e-92
4.737e-92
4.123e-92
3.588e-92
3.123e-92
2.718e-92
2.366e-92
2.059e-92
1.792e-92
1.560e-92
1.358e-92
1.182e-92
1.028e-92
8.951e-93
7.791e-93
6.781e-93
5.902e-93
5.137e-93
4.471e-93
3.891e-93
3.387e-93
2.948e-93
2.566e-93
2.233e-93
1.943e-93
1.692e-93
1.472e-93
1.281e-93
1.115e-93
9.707e-94
8.448e-94
7.353e-94
6.400e-94
5.570e-94
4.848e-94
4.219e-94
3.672e-94
3.196e-94
2.782e-94
2.421e-94
2.107e-94
1.834e-94
1.596e-94
1.389e-94
1.209e-94
1.053e-94
9.161e-95
7.973e-95
6.940e-95
6.040e-95
5.257e-95
4.575e-95
3.982e-95
3.466e-95
3.017e-95
2.626e-95
2.285e-95
1.989e-95
1.731e-95
1.507e-95
1.311e-95
1.141e-95
9.934e-96
8.646e-96
7.525e-96
6.550e-96
5.700e-96
4.961e-96
4.318e-96
3.758e-96
3.271e-96
2.847e-96
2.478e-96
2.157e-96
1.877e-96
1.634e-96
1.422e-96
1.238e-96
1.077e-96
9.375e-97
8.160e-97
7.102e-97
6.181e-97
5.380e-97
4.683e-97
4.076e-97
3.547e-97
3.087e-97
2.687e-97
2.339e-97
2.036e-97
1.772e-97
1.542e-97
1.342e-97
1.168e-97
1.017e-97
8.848e-98
7.701e-98
6.703e-98
5.834e-98
5.078e-98
4.419e-98
3.846e-98
3.348e-98
2.914e-98
2.536e-98
2.207e-98
1.921e-98
1.672e-98
1.455e-98
1.267e-98
1.102e-98
9.595e-99
8.351e-99
7.268e-99
6.326e-99
5.506e-99
4.792e-99
4.171e-99
3.630e-99
3.160e-99
2.750e-99
2.393e-99
2.083e-99
1.813e-99
1.578e-99
1.373e-99
1.195e-99
1.040e-99
9.056e-100
7.882e-100
6.860e-100
5.971e-100
5.197e-100
4.523e-100
3.936e-100
3.426e-100
2.982e-100
