# arrays of finj_ct 
1.158e+05
1.008e+05
8.769e+04
7.633e+04
6.643e+04
5.782e+04
5.032e+04
4.380e+04
3.812e+04
3.318e+04
2.888e+04
2.513e+04
2.188e+04
1.904e+04
1.657e+04
1.442e+04
1.255e+04
1.093e+04
9.509e+03
8.276e+03
7.203e+03
6.270e+03
5.457e+03
4.749e+03
4.134e+03
3.598e+03
3.131e+03
2.725e+03
2.372e+03
2.065e+03
1.797e+03
1.564e+03
1.361e+03
1.185e+03
1.031e+03
8.975e+02
7.811e+02
6.799e+02
5.917e+02
5.150e+02
4.482e+02
3.901e+02
3.396e+02
2.955e+02
2.572e+02
2.239e+02
1.949e+02
1.696e+02
1.476e+02
1.285e+02
1.118e+02
9.732e+01
8.470e+01
7.372e+01
6.416e+01
5.585e+01
4.861e+01
4.230e+01
3.682e+01
3.205e+01
2.789e+01
2.428e+01
2.113e+01
1.839e+01
1.601e+01
1.393e+01
1.212e+01
1.055e+01
9.185e+00
7.994e+00
6.958e+00
6.056e+00
5.271e+00
4.587e+00
3.993e+00
3.475e+00
3.025e+00
2.632e+00
2.291e+00
1.994e+00
1.736e+00
1.511e+00
1.315e+00
1.144e+00
9.960e-01
8.669e-01
7.545e-01
6.567e-01
5.715e-01
4.974e-01
4.330e-01
3.768e-01
3.280e-01
2.855e-01
2.484e-01
2.162e-01
1.882e-01
1.638e-01
1.426e-01
1.241e-01
1.080e-01
9.400e-02
8.181e-02
7.121e-02
6.198e-02
5.394e-02
4.695e-02
4.086e-02
3.556e-02
3.095e-02
2.694e-02
2.345e-02
2.041e-02
1.776e-02
1.546e-02
1.346e-02
1.171e-02
1.019e-02
8.871e-03
7.721e-03
6.720e-03
5.849e-03
5.091e-03
4.431e-03
3.856e-03
3.356e-03
2.921e-03
2.543e-03
2.213e-03
1.926e-03
1.676e-03
1.459e-03
1.270e-03
1.105e-03
9.620e-04
8.373e-04
7.287e-04
6.343e-04
5.520e-04
4.805e-04
4.182e-04
3.640e-04
3.168e-04
2.757e-04
2.400e-04
2.089e-04
1.818e-04
1.582e-04
1.377e-04
1.199e-04
1.043e-04
9.079e-05
7.902e-05
6.878e-05
5.986e-05
5.210e-05
4.535e-05
3.947e-05
3.435e-05
2.990e-05
2.602e-05
2.265e-05
1.971e-05
1.716e-05
1.493e-05
1.300e-05
1.131e-05
9.845e-06
8.569e-06
7.458e-06
6.491e-06
5.650e-06
4.917e-06
4.280e-06
3.725e-06
3.242e-06
2.822e-06
2.456e-06
2.137e-06
1.860e-06
1.619e-06
1.409e-06
1.227e-06
1.068e-06
9.292e-07
8.087e-07
7.039e-07
6.126e-07
5.332e-07
4.641e-07
4.039e-07
3.515e-07
3.060e-07
2.663e-07
2.318e-07
2.017e-07
1.756e-07
1.528e-07
1.330e-07
1.158e-07
