# arrays of finj_ct 
5.402e-91
4.701e-91
4.092e-91
3.561e-91
3.100e-91
2.698e-91
2.348e-91
2.044e-91
1.779e-91
1.548e-91
1.347e-91
1.173e-91
1.021e-91
8.884e-92
7.732e-92
6.730e-92
5.857e-92
5.098e-92
4.437e-92
3.862e-92
3.361e-92
2.925e-92
2.546e-92
2.216e-92
1.929e-92
1.679e-92
1.461e-92
1.272e-92
1.107e-92
9.633e-93
8.384e-93
7.298e-93
6.351e-93
5.528e-93
4.811e-93
4.188e-93
3.645e-93
3.172e-93
2.761e-93
2.403e-93
2.092e-93
1.820e-93
1.584e-93
1.379e-93
1.200e-93
1.045e-93
9.092e-94
7.913e-94
6.887e-94
5.994e-94
5.217e-94
4.541e-94
3.952e-94
3.440e-94
2.994e-94
2.606e-94
2.268e-94
1.974e-94
1.718e-94
1.495e-94
1.301e-94
1.133e-94
9.859e-95
8.581e-95
7.468e-95
6.500e-95
5.657e-95
4.924e-95
4.286e-95
3.730e-95
3.247e-95
2.826e-95
2.459e-95
2.140e-95
1.863e-95
1.621e-95
1.411e-95
1.228e-95
1.069e-95
9.305e-96
8.098e-96
7.049e-96
6.135e-96
5.339e-96
4.647e-96
4.045e-96
3.520e-96
3.064e-96
2.667e-96
2.321e-96
2.020e-96
1.758e-96
1.530e-96
1.332e-96
1.159e-96
1.009e-96
8.782e-97
7.643e-97
6.652e-97
5.790e-97
5.039e-97
4.386e-97
3.817e-97
3.323e-97
2.892e-97
2.517e-97
2.191e-97
1.907e-97
1.659e-97
1.444e-97
1.257e-97
1.094e-97
9.523e-98
8.288e-98
7.214e-98
6.278e-98
5.464e-98
4.756e-98
4.139e-98
3.603e-98
3.136e-98
2.729e-98
2.375e-98
2.067e-98
1.799e-98
1.566e-98
1.363e-98
1.186e-98
1.033e-98
8.987e-99
7.822e-99
6.808e-99
5.925e-99
5.157e-99
4.489e-99
3.907e-99
3.400e-99
2.959e-99
2.576e-99
2.242e-99
1.951e-99
1.698e-99
1.478e-99
1.286e-99
1.120e-99
9.745e-100
8.482e-100
7.382e-100
6.425e-100
5.592e-100
4.867e-100
4.236e-100
3.687e-100
3.209e-100
2.793e-100
2.431e-100
2.116e-100
1.842e-100
1.603e-100
1.395e-100
1.214e-100
1.057e-100
9.198e-101
8.005e-101
6.967e-101
6.064e-101
5.278e-101
4.594e-101
3.998e-101
3.480e-101
3.029e-101
2.636e-101
2.294e-101
1.997e-101
1.738e-101
1.513e-101
1.317e-101
1.146e-101
9.974e-102
8.681e-102
7.555e-102
6.576e-102
5.723e-102
4.981e-102
4.336e-102
3.773e-102
3.284e-102
2.859e-102
2.488e-102
2.165e-102
1.885e-102
1.640e-102
1.428e-102
1.243e-102
1.082e-102
9.413e-103
8.193e-103
7.131e-103
6.206e-103
5.402e-103
