# arrays of finj_ct 
1.177e+06
1.024e+06
8.916e+05
7.760e+05
6.754e+05
5.879e+05
5.116e+05
4.453e+05
3.876e+05
3.373e+05
2.936e+05
2.555e+05
2.224e+05
1.936e+05
1.685e+05
1.466e+05
1.276e+05
1.111e+05
9.668e+04
8.415e+04
7.324e+04
6.375e+04
5.548e+04
4.829e+04
4.203e+04
3.658e+04
3.184e+04
2.771e+04
2.412e+04
2.099e+04
1.827e+04
1.590e+04
1.384e+04
1.205e+04
1.048e+04
9.125e+03
7.942e+03
6.912e+03
6.016e+03
5.236e+03
4.557e+03
3.967e+03
3.452e+03
3.005e+03
2.615e+03
2.276e+03
1.981e+03
1.724e+03
1.501e+03
1.306e+03
1.137e+03
9.895e+02
8.612e+02
7.495e+02
6.524e+02
5.678e+02
4.942e+02
4.301e+02
3.744e+02
3.258e+02
2.836e+02
2.468e+02
2.148e+02
1.870e+02
1.627e+02
1.416e+02
1.233e+02
1.073e+02
9.339e+01
8.128e+01
7.074e+01
6.157e+01
5.359e+01
4.664e+01
4.059e+01
3.533e+01
3.075e+01
2.676e+01
2.330e+01
2.027e+01
1.765e+01
1.536e+01
1.337e+01
1.163e+01
1.013e+01
8.814e+00
7.671e+00
6.676e+00
5.811e+00
5.058e+00
4.402e+00
3.831e+00
3.335e+00
2.902e+00
2.526e+00
2.199e+00
1.914e+00
1.665e+00
1.450e+00
1.262e+00
1.098e+00
9.557e-01
8.318e-01
7.240e-01
6.301e-01
5.484e-01
4.773e-01
4.154e-01
3.616e-01
3.147e-01
2.739e-01
2.384e-01
2.075e-01
1.806e-01
1.572e-01
1.368e-01
1.191e-01
1.036e-01
9.020e-02
7.851e-02
6.833e-02
5.947e-02
5.176e-02
4.505e-02
3.921e-02
3.413e-02
2.970e-02
2.585e-02
2.250e-02
1.958e-02
1.704e-02
1.483e-02
1.291e-02
1.124e-02
9.781e-03
8.513e-03
7.409e-03
6.449e-03
5.613e-03
4.885e-03
4.252e-03
3.701e-03
3.221e-03
2.803e-03
2.440e-03
2.124e-03
1.848e-03
1.609e-03
1.400e-03
1.219e-03
1.061e-03
9.231e-04
8.034e-04
6.993e-04
6.086e-04
5.297e-04
4.610e-04
4.013e-04
3.493e-04
3.040e-04
2.646e-04
2.303e-04
2.004e-04
1.744e-04
1.518e-04
1.321e-04
1.150e-04
1.001e-04
8.712e-05
7.583e-05
6.600e-05
5.744e-05
4.999e-05
4.351e-05
3.787e-05
3.296e-05
2.869e-05
2.497e-05
2.173e-05
1.892e-05
1.646e-05
1.433e-05
1.247e-05
1.085e-05
9.447e-06
8.222e-06
7.156e-06
6.229e-06
5.421e-06
4.718e-06
4.107e-06
3.574e-06
3.111e-06
2.708e-06
2.357e-06
2.051e-06
1.785e-06
1.554e-06
1.352e-06
1.177e-06
