# arrays of finj_ct 
2.043e-92
1.778e-92
1.548e-92
1.347e-92
1.173e-92
1.021e-92
8.882e-93
7.731e-93
6.729e-93
5.856e-93
5.097e-93
4.436e-93
3.861e-93
3.361e-93
2.925e-93
2.546e-93
2.216e-93
1.928e-93
1.678e-93
1.461e-93
1.271e-93
1.107e-93
9.632e-94
8.383e-94
7.296e-94
6.350e-94
5.527e-94
4.811e-94
4.187e-94
3.644e-94
3.172e-94
2.760e-94
2.403e-94
2.091e-94
1.820e-94
1.584e-94
1.379e-94
1.200e-94
1.044e-94
9.090e-95
7.912e-95
6.886e-95
5.993e-95
5.216e-95
4.540e-95
3.952e-95
3.439e-95
2.993e-95
2.605e-95
2.268e-95
1.974e-95
1.718e-95
1.495e-95
1.301e-95
1.133e-95
9.857e-96
8.579e-96
7.467e-96
6.499e-96
5.656e-96
4.923e-96
4.285e-96
3.729e-96
3.246e-96
2.825e-96
2.459e-96
2.140e-96
1.863e-96
1.621e-96
1.411e-96
1.228e-96
1.069e-96
9.303e-97
8.097e-97
7.047e-97
6.134e-97
5.339e-97
4.646e-97
4.044e-97
3.520e-97
3.063e-97
2.666e-97
2.321e-97
2.020e-97
1.758e-97
1.530e-97
1.332e-97
1.159e-97
1.009e-97
8.780e-98
7.642e-98
6.651e-98
5.789e-98
5.038e-98
4.385e-98
3.817e-98
3.322e-98
2.891e-98
2.516e-98
2.190e-98
1.906e-98
1.659e-98
1.444e-98
1.257e-98
1.094e-98
9.521e-99
8.287e-99
7.212e-99
6.277e-99
5.464e-99
4.755e-99
4.139e-99
3.602e-99
3.135e-99
2.729e-99
2.375e-99
2.067e-99
1.799e-99
1.566e-99
1.363e-99
1.186e-99
1.032e-99
8.986e-100
7.821e-100
6.807e-100
5.924e-100
5.156e-100
4.488e-100
3.906e-100
3.400e-100
2.959e-100
2.575e-100
2.241e-100
1.951e-100
1.698e-100
1.478e-100
1.286e-100
1.120e-100
9.744e-101
8.481e-101
7.381e-101
6.424e-101
5.591e-101
4.867e-101
4.236e-101
3.687e-101
3.209e-101
2.793e-101
2.431e-101
2.115e-101
1.841e-101
1.603e-101
1.395e-101
1.214e-101
1.057e-101
9.196e-102
8.004e-102
6.966e-102
6.063e-102
5.277e-102
4.593e-102
3.998e-102
3.479e-102
3.028e-102
2.636e-102
2.294e-102
1.997e-102
1.738e-102
1.512e-102
1.316e-102
1.146e-102
9.972e-103
8.679e-103
7.554e-103
6.575e-103
5.722e-103
4.980e-103
4.335e-103
3.773e-103
3.284e-103
2.858e-103
2.488e-103
2.165e-103
1.884e-103
1.640e-103
1.427e-103
1.242e-103
1.081e-103
9.411e-104
8.191e-104
7.129e-104
6.205e-104
5.401e-104
4.700e-104
4.091e-104
3.561e-104
3.099e-104
2.697e-104
2.348e-104
2.043e-104
