# arrays of finj_ct 
4.976e-93
4.331e-93
3.769e-93
3.281e-93
2.855e-93
2.485e-93
2.163e-93
1.883e-93
1.639e-93
1.426e-93
1.241e-93
1.080e-93
9.403e-94
8.184e-94
7.123e-94
6.199e-94
5.396e-94
4.696e-94
4.087e-94
3.557e-94
3.096e-94
2.695e-94
2.345e-94
2.041e-94
1.777e-94
1.546e-94
1.346e-94
1.171e-94
1.020e-94
8.874e-95
7.724e-95
6.722e-95
5.851e-95
5.092e-95
4.432e-95
3.858e-95
3.357e-95
2.922e-95
2.543e-95
2.214e-95
1.927e-95
1.677e-95
1.460e-95
1.270e-95
1.106e-95
9.623e-96
8.375e-96
7.289e-96
6.344e-96
5.522e-96
4.806e-96
4.183e-96
3.641e-96
3.169e-96
2.758e-96
2.400e-96
2.089e-96
1.818e-96
1.583e-96
1.377e-96
1.199e-96
1.043e-96
9.082e-97
7.904e-97
6.880e-97
5.988e-97
5.212e-97
4.536e-97
3.948e-97
3.436e-97
2.991e-97
2.603e-97
2.265e-97
1.972e-97
1.716e-97
1.494e-97
1.300e-97
1.131e-97
9.848e-98
8.571e-98
7.460e-98
6.493e-98
5.651e-98
4.919e-98
4.281e-98
3.726e-98
3.243e-98
2.823e-98
2.457e-98
2.138e-98
1.861e-98
1.620e-98
1.410e-98
1.227e-98
1.068e-98
9.294e-99
8.090e-99
7.041e-99
6.128e-99
5.334e-99
4.642e-99
4.040e-99
3.517e-99
3.061e-99
2.664e-99
2.319e-99
2.018e-99
1.756e-99
1.529e-99
1.330e-99
1.158e-99
1.008e-99
8.772e-100
7.635e-100
6.645e-100
5.784e-100
5.034e-100
4.381e-100
3.813e-100
3.319e-100
2.889e-100
2.514e-100
2.188e-100
1.905e-100
1.658e-100
1.443e-100
1.256e-100
1.093e-100
9.512e-101
8.279e-101
7.206e-101
6.271e-101
5.458e-101
4.751e-101
4.135e-101
3.599e-101
3.132e-101
2.726e-101
2.373e-101
2.065e-101
1.797e-101
1.564e-101
1.362e-101
1.185e-101
1.031e-101
8.977e-102
7.814e-102
6.801e-102
5.919e-102
5.152e-102
4.484e-102
3.902e-102
3.397e-102
2.956e-102
2.573e-102
2.239e-102
1.949e-102
1.696e-102
1.476e-102
1.285e-102
1.118e-102
9.735e-103
8.473e-103
7.374e-103
6.418e-103
5.586e-103
4.862e-103
4.232e-103
3.683e-103
3.206e-103
2.790e-103
2.428e-103
2.114e-103
1.840e-103
1.601e-103
1.393e-103
1.213e-103
1.056e-103
9.188e-104
7.996e-104
6.960e-104
6.058e-104
5.272e-104
4.589e-104
3.994e-104
3.476e-104
3.025e-104
2.633e-104
2.292e-104
1.995e-104
1.736e-104
1.511e-104
1.315e-104
1.145e-104
9.963e-105
8.671e-105
7.547e-105
6.569e-105
5.717e-105
4.976e-105
