# arrays of finj_ct 
8.181e-89
7.121e-89
6.198e-89
5.394e-89
4.695e-89
4.086e-89
3.556e-89
3.095e-89
2.694e-89
2.345e-89
2.041e-89
1.776e-89
1.546e-89
1.346e-89
1.171e-89
1.019e-89
8.872e-90
7.722e-90
6.721e-90
5.849e-90
5.091e-90
4.431e-90
3.857e-90
3.357e-90
2.921e-90
2.543e-90
2.213e-90
1.926e-90
1.676e-90
1.459e-90
1.270e-90
1.105e-90
9.620e-91
8.373e-91
7.287e-91
6.343e-91
5.520e-91
4.805e-91
4.182e-91
3.640e-91
3.168e-91
2.757e-91
2.400e-91
2.089e-91
1.818e-91
1.582e-91
1.377e-91
1.199e-91
1.043e-91
9.079e-92
7.902e-92
6.878e-92
5.986e-92
5.210e-92
4.535e-92
3.947e-92
3.435e-92
2.990e-92
2.602e-92
2.265e-92
1.971e-92
1.716e-92
1.493e-92
1.300e-92
1.131e-92
9.845e-93
8.569e-93
7.458e-93
6.491e-93
5.650e-93
4.917e-93
4.280e-93
3.725e-93
3.242e-93
2.822e-93
2.456e-93
2.138e-93
1.860e-93
1.619e-93
1.409e-93
1.227e-93
1.068e-93
9.292e-94
8.087e-94
7.039e-94
6.126e-94
5.332e-94
4.641e-94
4.039e-94
3.516e-94
3.060e-94
2.663e-94
2.318e-94
2.017e-94
1.756e-94
1.528e-94
1.330e-94
1.158e-94
1.008e-94
8.770e-95
7.633e-95
6.643e-95
5.782e-95
5.032e-95
4.380e-95
3.812e-95
3.318e-95
2.888e-95
2.513e-95
2.188e-95
1.904e-95
1.657e-95
1.442e-95
1.255e-95
1.093e-95
9.509e-96
8.277e-96
7.204e-96
6.270e-96
5.457e-96
4.750e-96
4.134e-96
3.598e-96
3.131e-96
2.725e-96
2.372e-96
2.065e-96
1.797e-96
1.564e-96
1.361e-96
1.185e-96
1.031e-96
8.975e-97
7.811e-97
6.799e-97
5.917e-97
5.150e-97
4.483e-97
3.901e-97
3.396e-97
2.955e-97
2.572e-97
2.239e-97
1.949e-97
1.696e-97
1.476e-97
1.285e-97
1.118e-97
9.732e-98
8.470e-98
7.372e-98
6.417e-98
5.585e-98
4.861e-98
4.231e-98
3.682e-98
3.205e-98
2.789e-98
2.428e-98
2.113e-98
1.839e-98
1.601e-98
1.393e-98
1.213e-98
1.055e-98
9.185e-99
7.994e-99
6.958e-99
6.056e-99
5.271e-99
4.587e-99
3.993e-99
3.475e-99
3.025e-99
2.632e-99
2.291e-99
1.994e-99
1.736e-99
1.511e-99
1.315e-99
1.144e-99
9.960e-100
8.669e-100
7.545e-100
6.567e-100
5.715e-100
4.974e-100
4.330e-100
3.768e-100
3.280e-100
2.855e-100
2.485e-100
2.162e-100
1.882e-100
1.638e-100
1.426e-100
1.241e-100
1.080e-100
9.400e-101
8.181e-101
