# arrays of finj_ct 
3.574e-92
3.111e-92
2.707e-92
2.356e-92
2.051e-92
1.785e-92
1.554e-92
1.352e-92
1.177e-92
1.024e-92
8.915e-93
7.760e-93
6.754e-93
5.878e-93
5.116e-93
4.453e-93
3.876e-93
3.373e-93
2.936e-93
2.555e-93
2.224e-93
1.936e-93
1.685e-93
1.466e-93
1.276e-93
1.111e-93
9.668e-94
8.414e-94
7.323e-94
6.374e-94
5.548e-94
4.828e-94
4.202e-94
3.658e-94
3.183e-94
2.771e-94
2.412e-94
2.099e-94
1.827e-94
1.590e-94
1.384e-94
1.204e-94
1.048e-94
9.124e-95
7.941e-95
6.912e-95
6.016e-95
5.236e-95
4.557e-95
3.966e-95
3.452e-95
3.005e-95
2.615e-95
2.276e-95
1.981e-95
1.724e-95
1.501e-95
1.306e-95
1.137e-95
9.894e-96
8.611e-96
7.495e-96
6.523e-96
5.678e-96
4.941e-96
4.301e-96
3.743e-96
3.258e-96
2.836e-96
2.468e-96
2.148e-96
1.870e-96
1.627e-96
1.416e-96
1.233e-96
1.073e-96
9.338e-97
8.127e-97
7.074e-97
6.157e-97
5.358e-97
4.664e-97
4.059e-97
3.533e-97
3.075e-97
2.676e-97
2.329e-97
2.027e-97
1.764e-97
1.536e-97
1.337e-97
1.163e-97
1.013e-97
8.813e-98
7.670e-98
6.676e-98
5.810e-98
5.057e-98
4.402e-98
3.831e-98
3.334e-98
2.902e-98
2.526e-98
2.198e-98
1.913e-98
1.665e-98
1.449e-98
1.262e-98
1.098e-98
9.556e-99
8.317e-99
7.239e-99
6.301e-99
5.484e-99
4.773e-99
4.154e-99
3.616e-99
3.147e-99
2.739e-99
2.384e-99
2.075e-99
1.806e-99
1.572e-99
1.368e-99
1.191e-99
1.036e-99
9.019e-100
7.850e-100
6.832e-100
5.946e-100
5.176e-100
4.505e-100
3.921e-100
3.412e-100
2.970e-100
2.585e-100
2.250e-100
1.958e-100
1.704e-100
1.483e-100
1.291e-100
1.124e-100
9.780e-101
8.512e-101
7.409e-101
6.448e-101
5.612e-101
4.885e-101
4.251e-101
3.700e-101
3.221e-101
2.803e-101
2.440e-101
2.123e-101
1.848e-101
1.608e-101
1.400e-101
1.218e-101
1.061e-101
9.230e-102
8.034e-102
6.992e-102
6.086e-102
5.297e-102
4.610e-102
4.012e-102
3.492e-102
3.039e-102
2.645e-102
2.302e-102
2.004e-102
1.744e-102
1.518e-102
1.321e-102
1.150e-102
1.001e-102
8.711e-103
7.582e-103
6.599e-103
5.744e-103
4.999e-103
4.351e-103
3.787e-103
3.296e-103
2.869e-103
2.497e-103
2.173e-103
1.891e-103
1.646e-103
1.433e-103
1.247e-103
1.085e-103
9.446e-104
8.222e-104
7.156e-104
6.228e-104
5.421e-104
4.718e-104
4.106e-104
3.574e-104
