# arrays of finj_ct 
3.195e-91
2.781e-91
2.420e-91
2.106e-91
1.833e-91
1.596e-91
1.389e-91
1.209e-91
1.052e-91
9.156e-92
7.969e-92
6.936e-92
6.037e-92
5.254e-92
4.573e-92
3.980e-92
3.464e-92
3.015e-92
2.624e-92
2.284e-92
1.988e-92
1.730e-92
1.506e-92
1.311e-92
1.141e-92
9.929e-93
8.642e-93
7.521e-93
6.546e-93
5.698e-93
4.959e-93
4.316e-93
3.757e-93
3.270e-93
2.846e-93
2.477e-93
2.156e-93
1.876e-93
1.633e-93
1.421e-93
1.237e-93
1.077e-93
9.371e-94
8.156e-94
7.099e-94
6.178e-94
5.377e-94
4.680e-94
4.073e-94
3.545e-94
3.086e-94
2.686e-94
2.338e-94
2.035e-94
1.771e-94
1.541e-94
1.341e-94
1.167e-94
1.016e-94
8.844e-95
7.697e-95
6.700e-95
5.831e-95
5.075e-95
4.417e-95
3.844e-95
3.346e-95
2.912e-95
2.535e-95
2.206e-95
1.920e-95
1.671e-95
1.455e-95
1.266e-95
1.102e-95
9.590e-96
8.347e-96
7.265e-96
6.323e-96
5.503e-96
4.790e-96
4.169e-96
3.628e-96
3.158e-96
2.749e-96
2.392e-96
2.082e-96
1.812e-96
1.577e-96
1.373e-96
1.195e-96
1.040e-96
9.051e-97
7.878e-97
6.856e-97
5.968e-97
5.194e-97
4.521e-97
3.934e-97
3.424e-97
2.980e-97
2.594e-97
2.258e-97
1.965e-97
1.710e-97
1.489e-97
1.296e-97
1.128e-97
9.815e-98
8.542e-98
7.435e-98
6.471e-98
5.632e-98
4.902e-98
4.266e-98
3.713e-98
3.232e-98
2.813e-98
2.448e-98
2.131e-98
1.855e-98
1.614e-98
1.405e-98
1.223e-98
1.064e-98
9.263e-99
8.062e-99
7.017e-99
6.107e-99
5.315e-99
4.626e-99
4.027e-99
3.505e-99
3.050e-99
2.655e-99
2.311e-99
2.011e-99
1.750e-99
1.523e-99
1.326e-99
1.154e-99
1.004e-99
8.742e-100
7.609e-100
6.622e-100
5.764e-100
5.017e-100
4.366e-100
3.800e-100
3.308e-100
2.879e-100
2.506e-100
2.181e-100
1.898e-100
1.652e-100
1.438e-100
1.251e-100
1.089e-100
9.480e-101
8.251e-101
7.181e-101
6.250e-101
5.440e-101
4.735e-101
4.121e-101
3.587e-101
3.122e-101
2.717e-101
2.365e-101
2.058e-101
1.791e-101
1.559e-101
1.357e-101
1.181e-101
1.028e-101
8.947e-102
7.787e-102
6.778e-102
5.899e-102
5.134e-102
4.469e-102
3.889e-102
3.385e-102
2.946e-102
2.564e-102
2.232e-102
1.942e-102
1.691e-102
1.471e-102
1.281e-102
1.115e-102
9.702e-103
8.444e-103
7.349e-103
6.397e-103
5.567e-103
4.846e-103
4.217e-103
3.671e-103
3.195e-103
