# arrays of finj_ct 
4.699e+07
4.090e+07
3.560e+07
3.098e+07
2.697e+07
2.347e+07
2.043e+07
1.778e+07
1.547e+07
1.347e+07
1.172e+07
1.020e+07
8.880e+06
7.729e+06
6.727e+06
5.855e+06
5.096e+06
4.435e+06
3.860e+06
3.360e+06
2.924e+06
2.545e+06
2.215e+06
1.928e+06
1.678e+06
1.460e+06
1.271e+06
1.106e+06
9.629e+05
8.381e+05
7.294e+05
6.349e+05
5.526e+05
4.809e+05
4.186e+05
3.643e+05
3.171e+05
2.760e+05
2.402e+05
2.091e+05
1.820e+05
1.584e+05
1.378e+05
1.200e+05
1.044e+05
9.088e+04
7.910e+04
6.884e+04
5.992e+04
5.215e+04
4.539e+04
3.950e+04
3.438e+04
2.993e+04
2.605e+04
2.267e+04
1.973e+04
1.717e+04
1.495e+04
1.301e+04
1.132e+04
9.854e+03
8.577e+03
7.465e+03
6.497e+03
5.655e+03
4.922e+03
4.284e+03
3.728e+03
3.245e+03
2.824e+03
2.458e+03
2.140e+03
1.862e+03
1.621e+03
1.411e+03
1.228e+03
1.069e+03
9.301e+02
8.095e+02
7.045e+02
6.132e+02
5.337e+02
4.645e+02
4.043e+02
3.519e+02
3.063e+02
2.666e+02
2.320e+02
2.019e+02
1.757e+02
1.530e+02
1.331e+02
1.159e+02
1.009e+02
8.778e+01
7.640e+01
6.649e+01
5.787e+01
5.037e+01
4.384e+01
3.816e+01
3.321e+01
2.890e+01
2.516e+01
2.190e+01
1.906e+01
1.659e+01
1.444e+01
1.256e+01
1.094e+01
9.518e+00
8.284e+00
7.210e+00
6.276e+00
5.462e+00
4.754e+00
4.138e+00
3.601e+00
3.134e+00
2.728e+00
2.374e+00
2.067e+00
1.799e+00
1.565e+00
1.363e+00
1.186e+00
1.032e+00
8.983e-01
7.819e-01
6.805e-01
5.923e-01
5.155e-01
4.487e-01
3.905e-01
3.399e-01
2.958e-01
2.575e-01
2.241e-01
1.950e-01
1.698e-01
1.477e-01
1.286e-01
1.119e-01
9.741e-02
8.478e-02
7.379e-02
6.422e-02
5.590e-02
4.865e-02
4.234e-02
3.685e-02
3.208e-02
2.792e-02
2.430e-02
2.115e-02
1.841e-02
1.602e-02
1.394e-02
1.214e-02
1.056e-02
9.194e-03
8.002e-03
6.964e-03
6.061e-03
5.276e-03
4.592e-03
3.996e-03
3.478e-03
3.027e-03
2.635e-03
2.293e-03
1.996e-03
1.737e-03
1.512e-03
1.316e-03
1.145e-03
9.969e-04
8.677e-04
7.552e-04
6.573e-04
5.721e-04
4.979e-04
4.334e-04
3.772e-04
3.283e-04
2.857e-04
2.487e-04
2.164e-04
1.884e-04
1.640e-04
1.427e-04
1.242e-04
1.081e-04
9.409e-05
8.189e-05
7.127e-05
6.203e-05
5.399e-05
4.699e-05
