# arrays of finj_ct 
3.740e+02
3.255e+02
2.833e+02
2.466e+02
2.146e+02
1.868e+02
1.626e+02
1.415e+02
1.232e+02
1.072e+02
9.330e+01
8.121e+01
7.068e+01
6.152e+01
5.354e+01
4.660e+01
4.056e+01
3.530e+01
3.072e+01
2.674e+01
2.327e+01
2.026e+01
1.763e+01
1.535e+01
1.336e+01
1.162e+01
1.012e+01
8.806e+00
7.664e+00
6.671e+00
5.806e+00
5.053e+00
4.398e+00
3.828e+00
3.332e+00
2.900e+00
2.524e+00
2.197e+00
1.912e+00
1.664e+00
1.448e+00
1.261e+00
1.097e+00
9.549e-01
8.311e-01
7.234e-01
6.296e-01
5.480e-01
4.769e-01
4.151e-01
3.613e-01
3.144e-01
2.737e-01
2.382e-01
2.073e-01
1.804e-01
1.570e-01
1.367e-01
1.190e-01
1.035e-01
9.012e-02
7.844e-02
6.827e-02
5.942e-02
5.172e-02
4.501e-02
3.918e-02
3.410e-02
2.968e-02
2.583e-02
2.248e-02
1.957e-02
1.703e-02
1.482e-02
1.290e-02
1.123e-02
9.772e-03
8.505e-03
7.403e-03
6.443e-03
5.608e-03
4.881e-03
4.248e-03
3.697e-03
3.218e-03
2.801e-03
2.438e-03
2.122e-03
1.847e-03
1.607e-03
1.399e-03
1.218e-03
1.060e-03
9.223e-04
8.027e-04
6.987e-04
6.081e-04
5.293e-04
4.606e-04
4.009e-04
3.490e-04
3.037e-04
2.643e-04
2.301e-04
2.002e-04
1.743e-04
1.517e-04
1.320e-04
1.149e-04
1.000e-04
8.705e-05
7.576e-05
6.594e-05
5.739e-05
4.995e-05
4.348e-05
3.784e-05
3.293e-05
2.866e-05
2.495e-05
2.171e-05
1.890e-05
1.645e-05
1.432e-05
1.246e-05
1.085e-05
9.439e-06
8.215e-06
7.150e-06
6.223e-06
5.417e-06
4.714e-06
4.103e-06
3.571e-06
3.108e-06
2.705e-06
2.355e-06
2.049e-06
1.784e-06
1.552e-06
1.351e-06
1.176e-06
1.024e-06
8.908e-07
7.754e-07
6.748e-07
5.873e-07
5.112e-07
4.449e-07
3.872e-07
3.370e-07
2.934e-07
2.553e-07
2.222e-07
1.934e-07
1.683e-07
1.465e-07
1.275e-07
1.110e-07
9.660e-08
8.408e-08
7.318e-08
6.369e-08
5.543e-08
4.825e-08
4.199e-08
3.655e-08
3.181e-08
2.769e-08
2.410e-08
2.097e-08
1.825e-08
1.589e-08
1.383e-08
1.204e-08
1.047e-08
9.117e-09
7.935e-09
6.906e-09
6.011e-09
5.232e-09
4.553e-09
3.963e-09
3.449e-09
3.002e-09
2.613e-09
2.274e-09
1.979e-09
1.723e-09
1.499e-09
1.305e-09
1.136e-09
9.886e-10
8.604e-10
7.489e-10
6.518e-10
5.673e-10
4.938e-10
4.298e-10
3.740e-10
