# arrays of finj_ct 
3.731e-88
3.247e-88
2.826e-88
2.460e-88
2.141e-88
1.863e-88
1.622e-88
1.412e-88
1.229e-88
1.069e-88
9.307e-89
8.101e-89
7.050e-89
6.136e-89
5.341e-89
4.648e-89
4.046e-89
3.521e-89
3.065e-89
2.667e-89
2.322e-89
2.021e-89
1.759e-89
1.531e-89
1.332e-89
1.160e-89
1.009e-89
8.784e-90
7.645e-90
6.654e-90
5.791e-90
5.041e-90
4.387e-90
3.818e-90
3.323e-90
2.893e-90
2.518e-90
2.191e-90
1.907e-90
1.660e-90
1.445e-90
1.257e-90
1.094e-90
9.525e-91
8.290e-91
7.215e-91
6.280e-91
5.466e-91
4.757e-91
4.141e-91
3.604e-91
3.137e-91
2.730e-91
2.376e-91
2.068e-91
1.800e-91
1.567e-91
1.363e-91
1.187e-91
1.033e-91
8.990e-92
7.824e-92
6.810e-92
5.927e-92
5.159e-92
4.490e-92
3.908e-92
3.401e-92
2.960e-92
2.576e-92
2.242e-92
1.952e-92
1.699e-92
1.478e-92
1.287e-92
1.120e-92
9.748e-93
8.484e-93
7.384e-93
6.427e-93
5.594e-93
4.869e-93
4.237e-93
3.688e-93
3.210e-93
2.794e-93
2.432e-93
2.116e-93
1.842e-93
1.603e-93
1.395e-93
1.214e-93
1.057e-93
9.200e-94
8.007e-94
6.969e-94
6.066e-94
5.279e-94
4.595e-94
3.999e-94
3.481e-94
3.030e-94
2.637e-94
2.295e-94
1.997e-94
1.738e-94
1.513e-94
1.317e-94
1.146e-94
9.976e-95
8.683e-95
7.557e-95
6.577e-95
5.725e-95
4.983e-95
4.337e-95
3.774e-95
3.285e-95
2.859e-95
2.489e-95
2.166e-95
1.885e-95
1.641e-95
1.428e-95
1.243e-95
1.082e-95
9.415e-96
8.195e-96
7.132e-96
6.208e-96
5.403e-96
4.703e-96
4.093e-96
3.562e-96
3.100e-96
2.699e-96
2.349e-96
2.044e-96
1.779e-96
1.549e-96
1.348e-96
1.173e-96
1.021e-96
8.886e-97
7.734e-97
6.731e-97
5.859e-97
5.099e-97
4.438e-97
3.863e-97
3.362e-97
2.926e-97
2.547e-97
2.217e-97
1.929e-97
1.679e-97
1.461e-97
1.272e-97
1.107e-97
9.636e-98
8.387e-98
7.299e-98
6.353e-98
5.529e-98
4.813e-98
4.189e-98
3.646e-98
3.173e-98
2.762e-98
2.404e-98
2.092e-98
1.821e-98
1.585e-98
1.379e-98
1.201e-98
1.045e-98
9.094e-99
7.915e-99
6.889e-99
5.996e-99
5.219e-99
4.542e-99
3.953e-99
3.441e-99
2.995e-99
2.606e-99
2.269e-99
1.974e-99
1.718e-99
1.496e-99
1.302e-99
1.133e-99
9.861e-100
8.583e-100
7.470e-100
6.502e-100
5.659e-100
4.925e-100
4.287e-100
3.731e-100
