# arrays of finj_ct 
8.221e-92
7.155e-92
6.228e-92
5.420e-92
4.718e-92
4.106e-92
3.574e-92
3.110e-92
2.707e-92
2.356e-92
2.051e-92
1.785e-92
1.553e-92
1.352e-92
1.177e-92
1.024e-92
8.914e-93
7.759e-93
6.753e-93
5.877e-93
5.116e-93
4.452e-93
3.875e-93
3.373e-93
2.936e-93
2.555e-93
2.224e-93
1.935e-93
1.685e-93
1.466e-93
1.276e-93
1.111e-93
9.667e-94
8.413e-94
7.323e-94
6.373e-94
5.547e-94
4.828e-94
4.202e-94
3.657e-94
3.183e-94
2.771e-94
2.411e-94
2.099e-94
1.827e-94
1.590e-94
1.384e-94
1.204e-94
1.048e-94
9.123e-95
7.940e-95
6.911e-95
6.015e-95
5.235e-95
4.557e-95
3.966e-95
3.452e-95
3.004e-95
2.615e-95
2.276e-95
1.981e-95
1.724e-95
1.500e-95
1.306e-95
1.137e-95
9.893e-96
8.610e-96
7.494e-96
6.523e-96
5.677e-96
4.941e-96
4.300e-96
3.743e-96
3.258e-96
2.835e-96
2.468e-96
2.148e-96
1.869e-96
1.627e-96
1.416e-96
1.233e-96
1.073e-96
9.337e-97
8.126e-97
7.073e-97
6.156e-97
5.358e-97
4.663e-97
4.059e-97
3.533e-97
3.075e-97
2.676e-97
2.329e-97
2.027e-97
1.764e-97
1.536e-97
1.337e-97
1.163e-97
1.012e-97
8.812e-98
7.670e-98
6.675e-98
5.810e-98
5.057e-98
4.401e-98
3.831e-98
3.334e-98
2.902e-98
2.526e-98
2.198e-98
1.913e-98
1.665e-98
1.449e-98
1.261e-98
1.098e-98
9.555e-99
8.317e-99
7.238e-99
6.300e-99
5.483e-99
4.772e-99
4.154e-99
3.615e-99
3.147e-99
2.739e-99
2.384e-99
2.075e-99
1.806e-99
1.572e-99
1.368e-99
1.190e-99
1.036e-99
9.018e-100
7.849e-100
6.832e-100
5.946e-100
5.175e-100
4.504e-100
3.920e-100
3.412e-100
2.970e-100
2.585e-100
2.250e-100
1.958e-100
1.704e-100
1.483e-100
1.291e-100
1.124e-100
9.779e-101
8.511e-101
7.408e-101
6.448e-101
5.612e-101
4.884e-101
4.251e-101
3.700e-101
3.220e-101
2.803e-101
2.439e-101
2.123e-101
1.848e-101
1.608e-101
1.400e-101
1.218e-101
1.060e-101
9.229e-102
8.033e-102
6.991e-102
6.085e-102
5.296e-102
4.610e-102
4.012e-102
3.492e-102
3.039e-102
2.645e-102
2.302e-102
2.004e-102
1.744e-102
1.518e-102
1.321e-102
1.150e-102
1.001e-102
8.711e-103
7.581e-103
6.598e-103
5.743e-103
4.999e-103
4.350e-103
3.786e-103
3.296e-103
2.868e-103
2.496e-103
2.173e-103
1.891e-103
1.646e-103
1.433e-103
1.247e-103
1.085e-103
9.445e-104
8.221e-104
