# arrays of finj_ct 
9.011e-91
7.843e-91
6.826e-91
5.941e-91
5.171e-91
4.500e-91
3.917e-91
3.409e-91
2.967e-91
2.583e-91
2.248e-91
1.956e-91
1.703e-91
1.482e-91
1.290e-91
1.123e-91
9.771e-92
8.504e-92
7.402e-92
6.442e-92
5.607e-92
4.880e-92
4.247e-92
3.697e-92
3.218e-92
2.800e-92
2.437e-92
2.121e-92
1.846e-92
1.607e-92
1.399e-92
1.217e-92
1.060e-92
9.222e-93
8.026e-93
6.986e-93
6.080e-93
5.292e-93
4.606e-93
4.009e-93
3.489e-93
3.037e-93
2.643e-93
2.300e-93
2.002e-93
1.743e-93
1.517e-93
1.320e-93
1.149e-93
1.000e-93
8.703e-94
7.575e-94
6.593e-94
5.738e-94
4.994e-94
4.347e-94
3.783e-94
3.293e-94
2.866e-94
2.494e-94
2.171e-94
1.890e-94
1.645e-94
1.431e-94
1.246e-94
1.084e-94
9.438e-95
8.214e-95
7.149e-95
6.222e-95
5.416e-95
4.714e-95
4.103e-95
3.571e-95
3.108e-95
2.705e-95
2.354e-95
2.049e-95
1.783e-95
1.552e-95
1.351e-95
1.176e-95
1.023e-95
8.907e-96
7.752e-96
6.747e-96
5.873e-96
5.111e-96
4.449e-96
3.872e-96
3.370e-96
2.933e-96
2.553e-96
2.222e-96
1.934e-96
1.683e-96
1.465e-96
1.275e-96
1.110e-96
9.658e-97
8.406e-97
7.317e-97
6.368e-97
5.542e-97
4.824e-97
4.199e-97
3.654e-97
3.181e-97
2.768e-97
2.409e-97
2.097e-97
1.825e-97
1.589e-97
1.383e-97
1.203e-97
1.047e-97
9.116e-98
7.934e-98
6.905e-98
6.010e-98
5.231e-98
4.553e-98
3.963e-98
3.449e-98
3.002e-98
2.613e-98
2.274e-98
1.979e-98
1.723e-98
1.499e-98
1.305e-98
1.136e-98
9.885e-99
8.603e-99
7.488e-99
6.517e-99
5.672e-99
4.937e-99
4.297e-99
3.740e-99
3.255e-99
2.833e-99
2.466e-99
2.146e-99
1.868e-99
1.626e-99
1.415e-99
1.232e-99
1.072e-99
9.329e-100
8.120e-100
7.067e-100
6.151e-100
5.353e-100
4.659e-100
4.055e-100
3.530e-100
3.072e-100
2.674e-100
2.327e-100
2.025e-100
1.763e-100
1.534e-100
1.335e-100
1.162e-100
1.012e-100
8.805e-101
7.663e-101
6.670e-101
5.805e-101
5.052e-101
4.397e-101
3.827e-101
3.331e-101
2.899e-101
2.523e-101
2.196e-101
1.912e-101
1.664e-101
1.448e-101
1.260e-101
1.097e-101
9.547e-102
8.310e-102
7.232e-102
6.295e-102
5.479e-102
4.768e-102
4.150e-102
3.612e-102
3.144e-102
2.736e-102
2.382e-102
2.073e-102
1.804e-102
1.570e-102
1.367e-102
1.189e-102
1.035e-102
9.011e-103
