# arrays of finj_ct 
1.554e-88
1.352e-88
1.177e-88
1.024e-88
8.916e-89
7.760e-89
6.754e-89
5.878e-89
5.116e-89
4.453e-89
3.876e-89
3.373e-89
2.936e-89
2.555e-89
2.224e-89
1.936e-89
1.685e-89
1.466e-89
1.276e-89
1.111e-89
9.668e-90
8.415e-90
7.324e-90
6.374e-90
5.548e-90
4.829e-90
4.203e-90
3.658e-90
3.184e-90
2.771e-90
2.412e-90
2.099e-90
1.827e-90
1.590e-90
1.384e-90
1.205e-90
1.048e-90
9.125e-91
7.942e-91
6.912e-91
6.016e-91
5.236e-91
4.557e-91
3.966e-91
3.452e-91
3.005e-91
2.615e-91
2.276e-91
1.981e-91
1.724e-91
1.501e-91
1.306e-91
1.137e-91
9.894e-92
8.612e-92
7.495e-92
6.524e-92
5.678e-92
4.942e-92
4.301e-92
3.744e-92
3.258e-92
2.836e-92
2.468e-92
2.148e-92
1.870e-92
1.627e-92
1.416e-92
1.233e-92
1.073e-92
9.338e-93
8.128e-93
7.074e-93
6.157e-93
5.359e-93
4.664e-93
4.059e-93
3.533e-93
3.075e-93
2.676e-93
2.329e-93
2.027e-93
1.765e-93
1.536e-93
1.337e-93
1.163e-93
1.013e-93
8.813e-94
7.671e-94
6.676e-94
5.811e-94
5.057e-94
4.402e-94
3.831e-94
3.334e-94
2.902e-94
2.526e-94
2.198e-94
1.913e-94
1.665e-94
1.450e-94
1.262e-94
1.098e-94
9.557e-95
8.318e-95
7.240e-95
6.301e-95
5.484e-95
4.773e-95
4.154e-95
3.616e-95
3.147e-95
2.739e-95
2.384e-95
2.075e-95
1.806e-95
1.572e-95
1.368e-95
1.191e-95
1.036e-95
9.020e-96
7.850e-96
6.833e-96
5.947e-96
5.176e-96
4.505e-96
3.921e-96
3.413e-96
2.970e-96
2.585e-96
2.250e-96
1.958e-96
1.704e-96
1.483e-96
1.291e-96
1.124e-96
9.781e-97
8.513e-97
7.409e-97
6.449e-97
5.613e-97
4.885e-97
4.252e-97
3.700e-97
3.221e-97
2.803e-97
2.440e-97
2.123e-97
1.848e-97
1.609e-97
1.400e-97
1.219e-97
1.061e-97
9.231e-98
8.034e-98
6.993e-98
6.086e-98
5.297e-98
4.610e-98
4.013e-98
3.492e-98
3.040e-98
2.646e-98
2.303e-98
2.004e-98
1.744e-98
1.518e-98
1.321e-98
1.150e-98
1.001e-98
8.712e-99
7.583e-99
6.600e-99
5.744e-99
4.999e-99
4.351e-99
3.787e-99
3.296e-99
2.869e-99
2.497e-99
2.173e-99
1.891e-99
1.646e-99
1.433e-99
1.247e-99
1.085e-99
9.447e-100
8.222e-100
7.156e-100
6.229e-100
5.421e-100
4.718e-100
4.107e-100
3.574e-100
3.111e-100
2.708e-100
2.357e-100
2.051e-100
1.785e-100
1.554e-100
