# arrays of finj_ct 
4.161e-91
3.621e-91
3.152e-91
2.743e-91
2.388e-91
2.078e-91
1.809e-91
1.574e-91
1.370e-91
1.193e-91
1.038e-91
9.034e-92
7.863e-92
6.843e-92
5.956e-92
5.184e-92
4.512e-92
3.927e-92
3.418e-92
2.975e-92
2.589e-92
2.253e-92
1.961e-92
1.707e-92
1.486e-92
1.293e-92
1.125e-92
9.796e-93
8.526e-93
7.421e-93
6.459e-93
5.621e-93
4.893e-93
4.258e-93
3.706e-93
3.226e-93
2.808e-93
2.444e-93
2.127e-93
1.851e-93
1.611e-93
1.402e-93
1.220e-93
1.062e-93
9.245e-94
8.047e-94
7.003e-94
6.095e-94
5.305e-94
4.617e-94
4.019e-94
3.498e-94
3.044e-94
2.650e-94
2.306e-94
2.007e-94
1.747e-94
1.521e-94
1.323e-94
1.152e-94
1.003e-94
8.725e-95
7.594e-95
6.610e-95
5.753e-95
5.007e-95
4.358e-95
3.793e-95
3.301e-95
2.873e-95
2.501e-95
2.177e-95
1.894e-95
1.649e-95
1.435e-95
1.249e-95
1.087e-95
9.462e-96
8.235e-96
7.167e-96
6.238e-96
5.429e-96
4.726e-96
4.113e-96
3.580e-96
3.116e-96
2.712e-96
2.360e-96
2.054e-96
1.788e-96
1.556e-96
1.354e-96
1.179e-96
1.026e-96
8.930e-97
7.772e-97
6.764e-97
5.888e-97
5.124e-97
4.460e-97
3.882e-97
3.379e-97
2.941e-97
2.559e-97
2.228e-97
1.939e-97
1.687e-97
1.469e-97
1.278e-97
1.113e-97
9.683e-98
8.428e-98
7.335e-98
6.384e-98
5.557e-98
4.836e-98
4.209e-98
3.664e-98
3.189e-98
2.775e-98
2.415e-98
2.102e-98
1.830e-98
1.593e-98
1.386e-98
1.206e-98
1.050e-98
9.139e-99
7.954e-99
6.923e-99
6.025e-99
5.244e-99
4.564e-99
3.973e-99
3.458e-99
3.009e-99
2.619e-99
2.280e-99
1.984e-99
1.727e-99
1.503e-99
1.308e-99
1.139e-99
9.910e-100
8.625e-100
7.507e-100
6.534e-100
5.687e-100
4.949e-100
4.308e-100
3.749e-100
3.263e-100
2.840e-100
2.472e-100
2.152e-100
1.873e-100
1.630e-100
1.419e-100
1.235e-100
1.075e-100
9.353e-101
8.140e-101
7.085e-101
6.166e-101
5.367e-101
4.671e-101
4.066e-101
3.539e-101
3.080e-101
2.681e-101
2.333e-101
2.031e-101
1.767e-101
1.538e-101
1.339e-101
1.165e-101
1.014e-101
8.827e-102
7.683e-102
6.687e-102
5.820e-102
5.065e-102
4.409e-102
3.837e-102
3.340e-102
2.907e-102
2.530e-102
2.202e-102
1.916e-102
1.668e-102
1.452e-102
1.264e-102
1.100e-102
9.572e-103
8.331e-103
7.251e-103
6.311e-103
5.493e-103
4.781e-103
4.161e-103
