# arrays of finj_ct 
4.815e-90
4.190e-90
3.647e-90
3.174e-90
2.763e-90
2.405e-90
2.093e-90
1.822e-90
1.585e-90
1.380e-90
1.201e-90
1.045e-90
9.098e-91
7.918e-91
6.892e-91
5.998e-91
5.221e-91
4.544e-91
3.955e-91
3.442e-91
2.996e-91
2.608e-91
2.269e-91
1.975e-91
1.719e-91
1.496e-91
1.302e-91
1.133e-91
9.865e-92
8.586e-92
7.473e-92
6.504e-92
5.661e-92
4.927e-92
4.289e-92
3.733e-92
3.249e-92
2.827e-92
2.461e-92
2.142e-92
1.864e-92
1.623e-92
1.412e-92
1.229e-92
1.070e-92
9.311e-93
8.104e-93
7.053e-93
6.139e-93
5.343e-93
4.650e-93
4.047e-93
3.523e-93
3.066e-93
2.669e-93
2.323e-93
2.021e-93
1.759e-93
1.531e-93
1.333e-93
1.160e-93
1.010e-93
8.787e-94
7.648e-94
6.657e-94
5.794e-94
5.043e-94
4.389e-94
3.820e-94
3.325e-94
2.894e-94
2.519e-94
2.192e-94
1.908e-94
1.661e-94
1.445e-94
1.258e-94
1.095e-94
9.529e-95
8.293e-95
7.218e-95
6.283e-95
5.468e-95
4.759e-95
4.142e-95
3.605e-95
3.138e-95
2.731e-95
2.377e-95
2.069e-95
1.801e-95
1.567e-95
1.364e-95
1.187e-95
1.033e-95
8.993e-96
7.827e-96
6.813e-96
5.929e-96
5.161e-96
4.492e-96
3.909e-96
3.403e-96
2.961e-96
2.578e-96
2.243e-96
1.953e-96
1.699e-96
1.479e-96
1.287e-96
1.120e-96
9.752e-97
8.488e-97
7.387e-97
6.430e-97
5.596e-97
4.871e-97
4.239e-97
3.690e-97
3.211e-97
2.795e-97
2.433e-97
2.117e-97
1.843e-97
1.604e-97
1.396e-97
1.215e-97
1.057e-97
9.204e-98
8.011e-98
6.972e-98
6.068e-98
5.282e-98
4.597e-98
4.001e-98
3.482e-98
3.031e-98
2.638e-98
2.296e-98
1.998e-98
1.739e-98
1.514e-98
1.317e-98
1.147e-98
9.980e-99
8.686e-99
7.560e-99
6.580e-99
5.727e-99
4.985e-99
4.338e-99
3.776e-99
3.286e-99
2.860e-99
2.490e-99
2.167e-99
1.886e-99
1.641e-99
1.429e-99
1.243e-99
1.082e-99
9.419e-100
8.198e-100
7.135e-100
6.210e-100
5.405e-100
4.704e-100
4.095e-100
3.564e-100
3.102e-100
2.700e-100
2.350e-100
2.045e-100
1.780e-100
1.549e-100
1.348e-100
1.174e-100
1.021e-100
8.890e-101
7.737e-101
6.734e-101
5.861e-101
5.101e-101
4.440e-101
3.864e-101
3.363e-101
2.927e-101
2.548e-101
2.218e-101
1.930e-101
1.680e-101
1.462e-101
1.273e-101
1.108e-101
9.640e-102
8.390e-102
7.302e-102
6.356e-102
5.532e-102
4.815e-102
