# arrays of finj_ct 
7.559e-90
6.579e-90
5.726e-90
4.984e-90
4.338e-90
3.776e-90
3.286e-90
2.860e-90
2.489e-90
2.167e-90
1.886e-90
1.641e-90
1.428e-90
1.243e-90
1.082e-90
9.418e-91
8.197e-91
7.134e-91
6.210e-91
5.405e-91
4.704e-91
4.094e-91
3.563e-91
3.101e-91
2.699e-91
2.349e-91
2.045e-91
1.780e-91
1.549e-91
1.348e-91
1.173e-91
1.021e-91
8.889e-92
7.736e-92
6.733e-92
5.860e-92
5.101e-92
4.439e-92
3.864e-92
3.363e-92
2.927e-92
2.548e-92
2.217e-92
1.930e-92
1.680e-92
1.462e-92
1.272e-92
1.107e-92
9.639e-93
8.389e-93
7.301e-93
6.355e-93
5.531e-93
4.814e-93
4.190e-93
3.647e-93
3.174e-93
2.762e-93
2.404e-93
2.093e-93
1.821e-93
1.585e-93
1.380e-93
1.201e-93
1.045e-93
9.097e-94
7.917e-94
6.891e-94
5.998e-94
5.220e-94
4.543e-94
3.954e-94
3.442e-94
2.996e-94
2.607e-94
2.269e-94
1.975e-94
1.719e-94
1.496e-94
1.302e-94
1.133e-94
9.864e-95
8.585e-95
7.472e-95
6.504e-95
5.661e-95
4.927e-95
4.288e-95
3.732e-95
3.248e-95
2.827e-95
2.461e-95
2.142e-95
1.864e-95
1.622e-95
1.412e-95
1.229e-95
1.070e-95
9.310e-96
8.103e-96
7.052e-96
6.138e-96
5.342e-96
4.650e-96
4.047e-96
3.522e-96
3.066e-96
2.668e-96
2.322e-96
2.021e-96
1.759e-96
1.531e-96
1.333e-96
1.160e-96
1.010e-96
8.786e-97
7.647e-97
6.656e-97
5.793e-97
5.042e-97
4.388e-97
3.819e-97
3.324e-97
2.893e-97
2.518e-97
2.192e-97
1.908e-97
1.660e-97
1.445e-97
1.258e-97
1.095e-97
9.528e-98
8.293e-98
7.217e-98
6.282e-98
5.467e-98
4.759e-98
4.142e-98
3.605e-98
3.137e-98
2.731e-98
2.377e-98
2.069e-98
1.800e-98
1.567e-98
1.364e-98
1.187e-98
1.033e-98
8.992e-99
7.826e-99
6.812e-99
5.929e-99
5.160e-99
4.491e-99
3.909e-99
3.402e-99
2.961e-99
2.577e-99
2.243e-99
1.952e-99
1.699e-99
1.479e-99
1.287e-99
1.120e-99
9.751e-100
8.487e-100
7.386e-100
6.429e-100
5.595e-100
4.870e-100
4.239e-100
3.689e-100
3.211e-100
2.795e-100
2.432e-100
2.117e-100
1.843e-100
1.604e-100
1.396e-100
1.215e-100
1.057e-100
9.203e-101
8.010e-101
6.971e-101
6.067e-101
5.281e-101
4.596e-101
4.000e-101
3.482e-101
3.030e-101
2.638e-101
2.296e-101
1.998e-101
1.739e-101
1.514e-101
1.317e-101
1.147e-101
9.979e-102
8.685e-102
7.559e-102
