# arrays of finj_ct 
2.262e-89
1.969e-89
1.713e-89
1.491e-89
1.298e-89
1.130e-89
9.832e-90
8.558e-90
7.448e-90
6.483e-90
5.642e-90
4.911e-90
4.274e-90
3.720e-90
3.238e-90
2.818e-90
2.453e-90
2.135e-90
1.858e-90
1.617e-90
1.407e-90
1.225e-90
1.066e-90
9.279e-91
8.076e-91
7.029e-91
6.118e-91
5.325e-91
4.635e-91
4.034e-91
3.511e-91
3.056e-91
2.660e-91
2.315e-91
2.015e-91
1.754e-91
1.526e-91
1.328e-91
1.156e-91
1.006e-91
8.758e-92
7.622e-92
6.634e-92
5.774e-92
5.026e-92
4.374e-92
3.807e-92
3.313e-92
2.884e-92
2.510e-92
2.185e-92
1.901e-92
1.655e-92
1.440e-92
1.254e-92
1.091e-92
9.497e-93
8.266e-93
7.194e-93
6.261e-93
5.450e-93
4.743e-93
4.128e-93
3.593e-93
3.127e-93
2.722e-93
2.369e-93
2.062e-93
1.795e-93
1.562e-93
1.359e-93
1.183e-93
1.030e-93
8.963e-94
7.801e-94
6.790e-94
5.909e-94
5.143e-94
4.477e-94
3.896e-94
3.391e-94
2.951e-94
2.569e-94
2.236e-94
1.946e-94
1.694e-94
1.474e-94
1.283e-94
1.117e-94
9.719e-95
8.459e-95
7.362e-95
6.408e-95
5.577e-95
4.854e-95
4.225e-95
3.677e-95
3.200e-95
2.786e-95
2.424e-95
2.110e-95
1.837e-95
1.598e-95
1.391e-95
1.211e-95
1.054e-95
9.173e-96
7.984e-96
6.949e-96
6.048e-96
5.264e-96
4.581e-96
3.987e-96
3.470e-96
3.021e-96
2.629e-96
2.288e-96
1.992e-96
1.733e-96
1.509e-96
1.313e-96
1.143e-96
9.947e-97
8.657e-97
7.535e-97
6.558e-97
5.708e-97
4.968e-97
4.324e-97
3.763e-97
3.275e-97
2.851e-97
2.481e-97
2.160e-97
1.880e-97
1.636e-97
1.424e-97
1.239e-97
1.079e-97
9.387e-98
8.170e-98
7.111e-98
6.189e-98
5.387e-98
4.689e-98
4.081e-98
3.552e-98
3.091e-98
2.691e-98
2.342e-98
2.038e-98
1.774e-98
1.544e-98
1.344e-98
1.170e-98
1.018e-98
8.860e-99
7.711e-99
6.712e-99
5.841e-99
5.084e-99
4.425e-99
3.851e-99
3.352e-99
2.918e-99
2.539e-99
2.210e-99
1.924e-99
1.674e-99
1.457e-99
1.268e-99
1.104e-99
9.607e-100
8.362e-100
7.278e-100
6.334e-100
5.513e-100
4.798e-100
4.176e-100
3.635e-100
3.164e-100
2.754e-100
2.397e-100
2.086e-100
1.815e-100
1.580e-100
1.375e-100
1.197e-100
1.042e-100
9.067e-101
7.892e-101
6.869e-101
5.978e-101
5.203e-101
4.529e-101
3.942e-101
3.431e-101
2.986e-101
2.599e-101
2.262e-101
