# arrays of finj_ct 
1.927e+07
1.677e+07
1.459e+07
1.270e+07
1.106e+07
9.623e+06
8.375e+06
7.289e+06
6.344e+06
5.522e+06
4.806e+06
4.183e+06
3.641e+06
3.169e+06
2.758e+06
2.400e+06
2.089e+06
1.818e+06
1.583e+06
1.377e+06
1.199e+06
1.043e+06
9.082e+05
7.904e+05
6.880e+05
5.988e+05
5.212e+05
4.536e+05
3.948e+05
3.436e+05
2.991e+05
2.603e+05
2.265e+05
1.972e+05
1.716e+05
1.494e+05
1.300e+05
1.131e+05
9.848e+04
8.571e+04
7.460e+04
6.493e+04
5.651e+04
4.919e+04
4.281e+04
3.726e+04
3.243e+04
2.822e+04
2.457e+04
2.138e+04
1.861e+04
1.620e+04
1.410e+04
1.227e+04
1.068e+04
9.294e+03
8.089e+03
7.041e+03
6.128e+03
5.334e+03
4.642e+03
4.040e+03
3.516e+03
3.061e+03
2.664e+03
2.318e+03
2.018e+03
1.756e+03
1.529e+03
1.330e+03
1.158e+03
1.008e+03
8.772e+02
7.635e+02
6.645e+02
5.783e+02
5.034e+02
4.381e+02
3.813e+02
3.319e+02
2.889e+02
2.514e+02
2.188e+02
1.904e+02
1.658e+02
1.443e+02
1.256e+02
1.093e+02
9.512e+01
8.279e+01
7.206e+01
6.271e+01
5.458e+01
4.751e+01
4.135e+01
3.599e+01
3.132e+01
2.726e+01
2.373e+01
2.065e+01
1.797e+01
1.564e+01
1.362e+01
1.185e+01
1.031e+01
8.977e+00
7.813e+00
6.801e+00
5.919e+00
5.152e+00
4.484e+00
3.902e+00
3.397e+00
2.956e+00
2.573e+00
2.239e+00
1.949e+00
1.696e+00
1.476e+00
1.285e+00
1.118e+00
9.735e-01
8.473e-01
7.374e-01
6.418e-01
5.586e-01
4.862e-01
4.232e-01
3.683e-01
3.206e-01
2.790e-01
2.428e-01
2.114e-01
1.840e-01
1.601e-01
1.393e-01
1.213e-01
1.056e-01
9.187e-02
7.996e-02
6.960e-02
6.057e-02
5.272e-02
4.589e-02
3.994e-02
3.476e-02
3.025e-02
2.633e-02
2.292e-02
1.995e-02
1.736e-02
1.511e-02
1.315e-02
1.145e-02
9.963e-03
8.671e-03
7.547e-03
6.568e-03
5.717e-03
4.976e-03
4.331e-03
3.769e-03
3.281e-03
2.855e-03
2.485e-03
2.163e-03
1.883e-03
1.639e-03
1.426e-03
1.241e-03
1.080e-03
9.403e-04
8.184e-04
7.123e-04
6.199e-04
5.396e-04
4.696e-04
4.087e-04
3.557e-04
3.096e-04
2.695e-04
2.345e-04
2.041e-04
1.777e-04
1.546e-04
1.346e-04
1.171e-04
1.020e-04
8.874e-05
7.724e-05
6.722e-05
5.851e-05
5.092e-05
4.432e-05
3.858e-05
3.357e-05
2.922e-05
2.543e-05
2.214e-05
1.927e-05
