# arrays of finj_ct 
1.165e-92
1.014e-92
8.827e-93
7.682e-93
6.686e-93
5.820e-93
5.065e-93
4.408e-93
3.837e-93
3.340e-93
2.907e-93
2.530e-93
2.202e-93
1.916e-93
1.668e-93
1.452e-93
1.263e-93
1.100e-93
9.571e-94
8.330e-94
7.250e-94
6.311e-94
5.492e-94
4.780e-94
4.161e-94
3.621e-94
3.152e-94
2.743e-94
2.388e-94
2.078e-94
1.809e-94
1.574e-94
1.370e-94
1.192e-94
1.038e-94
9.033e-95
7.862e-95
6.843e-95
5.956e-95
5.184e-95
4.512e-95
3.927e-95
3.418e-95
2.975e-95
2.589e-95
2.253e-95
1.961e-95
1.707e-95
1.486e-95
1.293e-95
1.125e-95
9.795e-96
8.525e-96
7.420e-96
6.458e-96
5.621e-96
4.892e-96
4.258e-96
3.706e-96
3.226e-96
2.807e-96
2.443e-96
2.127e-96
1.851e-96
1.611e-96
1.402e-96
1.220e-96
1.062e-96
9.245e-97
8.046e-97
7.003e-97
6.095e-97
5.305e-97
4.617e-97
4.019e-97
3.498e-97
3.044e-97
2.650e-97
2.306e-97
2.007e-97
1.747e-97
1.520e-97
1.323e-97
1.152e-97
1.002e-97
8.725e-98
7.594e-98
6.609e-98
5.753e-98
5.007e-98
4.358e-98
3.793e-98
3.301e-98
2.873e-98
2.501e-98
2.176e-98
1.894e-98
1.649e-98
1.435e-98
1.249e-98
1.087e-98
9.461e-99
8.235e-99
7.167e-99
6.238e-99
5.429e-99
4.725e-99
4.113e-99
3.580e-99
3.116e-99
2.712e-99
2.360e-99
2.054e-99
1.788e-99
1.556e-99
1.354e-99
1.179e-99
1.026e-99
8.929e-100
7.772e-100
6.764e-100
5.887e-100
5.124e-100
4.460e-100
3.882e-100
3.378e-100
2.940e-100
2.559e-100
2.227e-100
1.939e-100
1.687e-100
1.469e-100
1.278e-100
1.112e-100
9.683e-101
8.427e-101
7.335e-101
6.384e-101
5.556e-101
4.836e-101
4.209e-101
3.663e-101
3.188e-101
2.775e-101
2.415e-101
2.102e-101
1.830e-101
1.592e-101
1.386e-101
1.206e-101
1.050e-101
9.138e-102
7.954e-102
6.923e-102
6.025e-102
5.244e-102
4.564e-102
3.972e-102
3.457e-102
3.009e-102
2.619e-102
2.280e-102
1.984e-102
1.727e-102
1.503e-102
1.308e-102
1.139e-102
9.909e-103
8.625e-103
7.507e-103
6.533e-103
5.686e-103
4.949e-103
4.308e-103
3.749e-103
3.263e-103
2.840e-103
2.472e-103
2.151e-103
1.873e-103
1.630e-103
1.418e-103
1.235e-103
1.075e-103
9.352e-104
8.140e-104
7.085e-104
6.166e-104
5.367e-104
4.671e-104
4.065e-104
3.538e-104
3.080e-104
2.680e-104
2.333e-104
2.031e-104
1.767e-104
1.538e-104
1.339e-104
1.165e-104
