# arrays of finj_ct 
1.888e-90
1.643e-90
1.430e-90
1.245e-90
1.083e-90
9.430e-91
8.207e-91
7.143e-91
6.217e-91
5.411e-91
4.710e-91
4.099e-91
3.568e-91
3.105e-91
2.703e-91
2.352e-91
2.047e-91
1.782e-91
1.551e-91
1.350e-91
1.175e-91
1.023e-91
8.900e-92
7.746e-92
6.742e-92
5.868e-92
5.107e-92
4.445e-92
3.869e-92
3.367e-92
2.931e-92
2.551e-92
2.220e-92
1.932e-92
1.682e-92
1.464e-92
1.274e-92
1.109e-92
9.650e-93
8.399e-93
7.310e-93
6.363e-93
5.538e-93
4.820e-93
4.195e-93
3.651e-93
3.178e-93
2.766e-93
2.407e-93
2.095e-93
1.824e-93
1.587e-93
1.381e-93
1.202e-93
1.046e-93
9.108e-94
7.927e-94
6.899e-94
6.005e-94
5.227e-94
4.549e-94
3.959e-94
3.446e-94
2.999e-94
2.610e-94
2.272e-94
1.977e-94
1.721e-94
1.498e-94
1.304e-94
1.135e-94
9.876e-95
8.596e-95
7.482e-95
6.512e-95
5.667e-95
4.933e-95
4.293e-95
3.737e-95
3.252e-95
2.831e-95
2.464e-95
2.144e-95
1.866e-95
1.624e-95
1.414e-95
1.230e-95
1.071e-95
9.321e-96
8.113e-96
7.061e-96
6.146e-96
5.349e-96
4.655e-96
4.052e-96
3.527e-96
3.069e-96
2.672e-96
2.325e-96
2.024e-96
1.761e-96
1.533e-96
1.334e-96
1.161e-96
1.011e-96
8.797e-97
7.657e-97
6.664e-97
5.800e-97
5.048e-97
4.394e-97
3.824e-97
3.328e-97
2.897e-97
2.521e-97
2.194e-97
1.910e-97
1.662e-97
1.447e-97
1.259e-97
1.096e-97
9.539e-98
8.303e-98
7.226e-98
6.289e-98
5.474e-98
4.764e-98
4.147e-98
3.609e-98
3.141e-98
2.734e-98
2.380e-98
2.071e-98
1.803e-98
1.569e-98
1.366e-98
1.188e-98
1.034e-98
9.003e-99
7.836e-99
6.820e-99
5.936e-99
5.166e-99
4.497e-99
3.914e-99
3.406e-99
2.965e-99
2.580e-99
2.246e-99
1.955e-99
1.701e-99
1.481e-99
1.289e-99
1.122e-99
9.763e-100
8.497e-100
7.395e-100
6.437e-100
5.602e-100
4.876e-100
4.244e-100
3.694e-100
3.215e-100
2.798e-100
2.435e-100
2.120e-100
1.845e-100
1.606e-100
1.397e-100
1.216e-100
1.059e-100
9.214e-101
8.019e-101
6.980e-101
6.075e-101
5.287e-101
4.602e-101
4.005e-101
3.486e-101
3.034e-101
2.641e-101
2.298e-101
2.000e-101
1.741e-101
1.515e-101
1.319e-101
1.148e-101
9.991e-102
8.696e-102
7.569e-102
6.587e-102
5.733e-102
4.990e-102
4.343e-102
3.780e-102
3.290e-102
2.864e-102
2.492e-102
2.169e-102
1.888e-102
