# arrays of finj_ct 
2.398e-90
2.087e-90
1.816e-90
1.581e-90
1.376e-90
1.198e-90
1.042e-90
9.072e-91
7.896e-91
6.872e-91
5.981e-91
5.206e-91
4.531e-91
3.943e-91
3.432e-91
2.987e-91
2.600e-91
2.263e-91
1.970e-91
1.714e-91
1.492e-91
1.299e-91
1.130e-91
9.837e-92
8.562e-92
7.452e-92
6.486e-92
5.645e-92
4.913e-92
4.276e-92
3.722e-92
3.239e-92
2.819e-92
2.454e-92
2.136e-92
1.859e-92
1.618e-92
1.408e-92
1.226e-92
1.067e-92
9.284e-93
8.080e-93
7.033e-93
6.121e-93
5.328e-93
4.637e-93
4.036e-93
3.513e-93
3.057e-93
2.661e-93
2.316e-93
2.016e-93
1.754e-93
1.527e-93
1.329e-93
1.157e-93
1.007e-93
8.762e-94
7.626e-94
6.638e-94
5.777e-94
5.028e-94
4.376e-94
3.809e-94
3.315e-94
2.885e-94
2.511e-94
2.186e-94
1.902e-94
1.656e-94
1.441e-94
1.254e-94
1.092e-94
9.501e-95
8.270e-95
7.198e-95
6.264e-95
5.452e-95
4.745e-95
4.130e-95
3.595e-95
3.129e-95
2.723e-95
2.370e-95
2.063e-95
1.795e-95
1.563e-95
1.360e-95
1.184e-95
1.030e-95
8.967e-96
7.805e-96
6.793e-96
5.912e-96
5.146e-96
4.479e-96
3.898e-96
3.393e-96
2.953e-96
2.570e-96
2.237e-96
1.947e-96
1.694e-96
1.475e-96
1.284e-96
1.117e-96
9.724e-97
8.463e-97
7.366e-97
6.411e-97
5.580e-97
4.857e-97
4.227e-97
3.679e-97
3.202e-97
2.787e-97
2.426e-97
2.111e-97
1.837e-97
1.599e-97
1.392e-97
1.211e-97
1.054e-97
9.177e-98
7.987e-98
6.952e-98
6.051e-98
5.266e-98
4.584e-98
3.989e-98
3.472e-98
3.022e-98
2.630e-98
2.289e-98
1.992e-98
1.734e-98
1.509e-98
1.314e-98
1.143e-98
9.951e-99
8.661e-99
7.538e-99
6.561e-99
5.711e-99
4.970e-99
4.326e-99
3.765e-99
3.277e-99
2.852e-99
2.482e-99
2.161e-99
1.880e-99
1.637e-99
1.425e-99
1.240e-99
1.079e-99
9.392e-100
8.174e-100
7.115e-100
6.192e-100
5.390e-100
4.691e-100
4.083e-100
3.553e-100
3.093e-100
2.692e-100
2.343e-100
2.039e-100
1.775e-100
1.545e-100
1.344e-100
1.170e-100
1.018e-100
8.864e-101
7.715e-101
6.715e-101
5.844e-101
5.087e-101
4.427e-101
3.853e-101
3.354e-101
2.919e-101
2.541e-101
2.211e-101
1.924e-101
1.675e-101
1.458e-101
1.269e-101
1.104e-101
9.612e-102
8.366e-102
7.281e-102
6.337e-102
5.516e-102
4.801e-102
4.178e-102
3.637e-102
3.165e-102
2.755e-102
2.398e-102
