# arrays of finj_ct 
2.806e-89
2.442e-89
2.126e-89
1.850e-89
1.610e-89
1.401e-89
1.220e-89
1.062e-89
9.240e-90
8.042e-90
7.000e-90
6.092e-90
5.302e-90
4.615e-90
4.017e-90
3.496e-90
3.043e-90
2.648e-90
2.305e-90
2.006e-90
1.746e-90
1.520e-90
1.323e-90
1.151e-90
1.002e-90
8.721e-91
7.590e-91
6.606e-91
5.750e-91
5.004e-91
4.356e-91
3.791e-91
3.300e-91
2.872e-91
2.499e-91
2.175e-91
1.893e-91
1.648e-91
1.434e-91
1.248e-91
1.087e-91
9.457e-92
8.231e-92
7.164e-92
6.235e-92
5.427e-92
4.723e-92
4.111e-92
3.578e-92
3.114e-92
2.710e-92
2.359e-92
2.053e-92
1.787e-92
1.555e-92
1.354e-92
1.178e-92
1.025e-92
8.925e-93
7.768e-93
6.761e-93
5.884e-93
5.122e-93
4.458e-93
3.880e-93
3.377e-93
2.939e-93
2.558e-93
2.226e-93
1.938e-93
1.687e-93
1.468e-93
1.278e-93
1.112e-93
9.678e-94
8.423e-94
7.331e-94
6.381e-94
5.554e-94
4.834e-94
4.207e-94
3.662e-94
3.187e-94
2.774e-94
2.414e-94
2.101e-94
1.829e-94
1.592e-94
1.385e-94
1.206e-94
1.049e-94
9.134e-95
7.950e-95
6.919e-95
6.022e-95
5.241e-95
4.562e-95
3.971e-95
3.456e-95
3.008e-95
2.618e-95
2.278e-95
1.983e-95
1.726e-95
1.502e-95
1.307e-95
1.138e-95
9.905e-96
8.621e-96
7.503e-96
6.530e-96
5.684e-96
4.947e-96
4.306e-96
3.747e-96
3.262e-96
2.839e-96
2.471e-96
2.150e-96
1.872e-96
1.629e-96
1.418e-96
1.234e-96
1.074e-96
9.348e-97
8.136e-97
7.081e-97
6.163e-97
5.364e-97
4.669e-97
4.064e-97
3.537e-97
3.078e-97
2.679e-97
2.332e-97
2.030e-97
1.766e-97
1.537e-97
1.338e-97
1.165e-97
1.014e-97
8.822e-98
7.679e-98
6.683e-98
5.817e-98
5.063e-98
4.406e-98
3.835e-98
3.338e-98
2.905e-98
2.529e-98
2.201e-98
1.915e-98
1.667e-98
1.451e-98
1.263e-98
1.099e-98
9.567e-99
8.326e-99
7.247e-99
6.307e-99
5.490e-99
4.778e-99
4.159e-99
3.620e-99
3.150e-99
2.742e-99
2.386e-99
2.077e-99
1.808e-99
1.573e-99
1.369e-99
1.192e-99
1.037e-99
9.029e-100
7.858e-100
6.840e-100
5.953e-100
5.181e-100
4.509e-100
3.925e-100
3.416e-100
2.973e-100
2.588e-100
2.252e-100
1.960e-100
1.706e-100
1.485e-100
1.292e-100
1.125e-100
9.791e-101
8.521e-101
7.417e-101
6.455e-101
5.618e-101
4.890e-101
4.256e-101
3.704e-101
3.224e-101
2.806e-101
