# arrays of finj_ct 
6.041e-90
5.258e-90
4.576e-90
3.983e-90
3.467e-90
3.017e-90
2.626e-90
2.286e-90
1.989e-90
1.731e-90
1.507e-90
1.312e-90
1.142e-90
9.935e-91
8.647e-91
7.526e-91
6.551e-91
5.701e-91
4.962e-91
4.319e-91
3.759e-91
3.272e-91
2.848e-91
2.478e-91
2.157e-91
1.877e-91
1.634e-91
1.422e-91
1.238e-91
1.077e-91
9.377e-92
8.161e-92
7.103e-92
6.182e-92
5.381e-92
4.683e-92
4.076e-92
3.548e-92
3.088e-92
2.687e-92
2.339e-92
2.036e-92
1.772e-92
1.542e-92
1.342e-92
1.168e-92
1.017e-92
8.850e-93
7.702e-93
6.704e-93
5.835e-93
5.078e-93
4.420e-93
3.847e-93
3.348e-93
2.914e-93
2.536e-93
2.208e-93
1.921e-93
1.672e-93
1.455e-93
1.267e-93
1.103e-93
9.596e-94
8.352e-94
7.269e-94
6.327e-94
5.507e-94
4.793e-94
4.172e-94
3.631e-94
3.160e-94
2.750e-94
2.394e-94
2.083e-94
1.813e-94
1.578e-94
1.374e-94
1.196e-94
1.041e-94
9.057e-95
7.883e-95
6.861e-95
5.971e-95
5.197e-95
4.523e-95
3.937e-95
3.427e-95
2.982e-95
2.596e-95
2.259e-95
1.966e-95
1.711e-95
1.490e-95
1.296e-95
1.128e-95
9.821e-96
8.548e-96
7.440e-96
6.475e-96
5.636e-96
4.905e-96
4.269e-96
3.716e-96
3.234e-96
2.815e-96
2.450e-96
2.132e-96
1.856e-96
1.615e-96
1.406e-96
1.224e-96
1.065e-96
9.269e-97
8.067e-97
7.021e-97
6.111e-97
5.319e-97
4.629e-97
4.029e-97
3.507e-97
3.052e-97
2.657e-97
2.312e-97
2.012e-97
1.752e-97
1.524e-97
1.327e-97
1.155e-97
1.005e-97
8.748e-98
7.614e-98
6.627e-98
5.768e-98
5.020e-98
4.369e-98
3.803e-98
3.310e-98
2.881e-98
2.507e-98
2.182e-98
1.899e-98
1.653e-98
1.439e-98
1.252e-98
1.090e-98
9.486e-99
8.256e-99
7.186e-99
6.254e-99
5.443e-99
4.738e-99
4.124e-99
3.589e-99
3.124e-99
2.719e-99
2.366e-99
2.060e-99
1.793e-99
1.560e-99
1.358e-99
1.182e-99
1.029e-99
8.953e-100
7.792e-100
6.782e-100
5.903e-100
5.137e-100
4.471e-100
3.892e-100
3.387e-100
2.948e-100
2.566e-100
2.233e-100
1.944e-100
1.692e-100
1.472e-100
1.282e-100
1.115e-100
9.708e-101
8.449e-101
7.354e-101
6.401e-101
5.571e-101
4.849e-101
4.220e-101
3.673e-101
3.197e-101
2.782e-101
2.422e-101
2.108e-101
1.834e-101
1.597e-101
1.390e-101
1.210e-101
1.053e-101
9.162e-102
7.974e-102
6.941e-102
6.041e-102
