# arrays of finj_ct 
1.083e-91
9.422e-92
8.200e-92
7.137e-92
6.212e-92
5.407e-92
4.706e-92
4.096e-92
3.565e-92
3.103e-92
2.700e-92
2.350e-92
2.046e-92
1.780e-92
1.550e-92
1.349e-92
1.174e-92
1.022e-92
8.892e-93
7.739e-93
6.736e-93
5.863e-93
5.103e-93
4.441e-93
3.865e-93
3.364e-93
2.928e-93
2.549e-93
2.218e-93
1.931e-93
1.680e-93
1.462e-93
1.273e-93
1.108e-93
9.642e-94
8.392e-94
7.304e-94
6.357e-94
5.533e-94
4.816e-94
4.192e-94
3.648e-94
3.175e-94
2.764e-94
2.405e-94
2.093e-94
1.822e-94
1.586e-94
1.380e-94
1.201e-94
1.046e-94
9.100e-95
7.921e-95
6.894e-95
6.000e-95
5.222e-95
4.545e-95
3.956e-95
3.443e-95
2.997e-95
2.608e-95
2.270e-95
1.976e-95
1.720e-95
1.497e-95
1.303e-95
1.134e-95
9.868e-96
8.589e-96
7.475e-96
6.506e-96
5.663e-96
4.929e-96
4.290e-96
3.734e-96
3.250e-96
2.828e-96
2.462e-96
2.142e-96
1.865e-96
1.623e-96
1.413e-96
1.229e-96
1.070e-96
9.313e-97
8.106e-97
7.055e-97
6.140e-97
5.344e-97
4.652e-97
4.049e-97
3.524e-97
3.067e-97
2.669e-97
2.323e-97
2.022e-97
1.760e-97
1.532e-97
1.333e-97
1.160e-97
1.010e-97
8.790e-98
7.650e-98
6.659e-98
5.795e-98
5.044e-98
4.390e-98
3.821e-98
3.326e-98
2.894e-98
2.519e-98
2.193e-98
1.908e-98
1.661e-98
1.446e-98
1.258e-98
1.095e-98
9.531e-99
8.296e-99
7.220e-99
6.284e-99
5.470e-99
4.760e-99
4.143e-99
3.606e-99
3.139e-99
2.732e-99
2.378e-99
2.069e-99
1.801e-99
1.568e-99
1.364e-99
1.188e-99
1.034e-99
8.996e-100
7.829e-100
6.814e-100
5.931e-100
5.162e-100
4.493e-100
3.910e-100
3.403e-100
2.962e-100
2.578e-100
2.244e-100
1.953e-100
1.700e-100
1.479e-100
1.288e-100
1.121e-100
9.755e-101
8.490e-101
7.389e-101
6.431e-101
5.598e-101
4.872e-101
4.240e-101
3.691e-101
3.212e-101
2.796e-101
2.433e-101
2.118e-101
1.843e-101
1.604e-101
1.396e-101
1.215e-101
1.058e-101
9.206e-102
8.013e-102
6.974e-102
6.070e-102
5.283e-102
4.598e-102
4.002e-102
3.483e-102
3.032e-102
2.639e-102
2.297e-102
1.999e-102
1.740e-102
1.514e-102
1.318e-102
1.147e-102
9.983e-103
8.689e-103
7.562e-103
6.582e-103
5.729e-103
4.986e-103
4.340e-103
3.777e-103
3.287e-103
2.861e-103
2.490e-103
2.167e-103
1.886e-103
1.642e-103
1.429e-103
1.244e-103
1.083e-103
