# arrays of finj_ct 
2.394e-88
2.083e-88
1.813e-88
1.578e-88
1.374e-88
1.196e-88
1.041e-88
9.056e-89
7.882e-89
6.860e-89
5.971e-89
5.197e-89
4.523e-89
3.937e-89
3.426e-89
2.982e-89
2.596e-89
2.259e-89
1.966e-89
1.711e-89
1.489e-89
1.296e-89
1.128e-89
9.820e-90
8.547e-90
7.439e-90
6.475e-90
5.635e-90
4.905e-90
4.269e-90
3.716e-90
3.234e-90
2.815e-90
2.450e-90
2.132e-90
1.856e-90
1.615e-90
1.406e-90
1.224e-90
1.065e-90
9.268e-91
8.067e-91
7.021e-91
6.111e-91
5.319e-91
4.629e-91
4.029e-91
3.507e-91
3.052e-91
2.656e-91
2.312e-91
2.012e-91
1.751e-91
1.524e-91
1.327e-91
1.155e-91
1.005e-91
8.747e-92
7.613e-92
6.626e-92
5.767e-92
5.020e-92
4.369e-92
3.803e-92
3.310e-92
2.881e-92
2.507e-92
2.182e-92
1.899e-92
1.653e-92
1.439e-92
1.252e-92
1.090e-92
9.485e-93
8.256e-93
7.185e-93
6.254e-93
5.443e-93
4.737e-93
4.123e-93
3.589e-93
3.124e-93
2.719e-93
2.366e-93
2.059e-93
1.792e-93
1.560e-93
1.358e-93
1.182e-93
1.029e-93
8.952e-94
7.792e-94
6.782e-94
5.902e-94
5.137e-94
4.471e-94
3.892e-94
3.387e-94
2.948e-94
2.566e-94
2.233e-94
1.944e-94
1.692e-94
1.472e-94
1.281e-94
1.115e-94
9.707e-95
8.449e-95
7.354e-95
6.400e-95
5.571e-95
4.848e-95
4.220e-95
3.673e-95
3.197e-95
2.782e-95
2.422e-95
2.108e-95
1.834e-95
1.597e-95
1.390e-95
1.209e-95
1.053e-95
9.162e-96
7.974e-96
6.940e-96
6.041e-96
5.257e-96
4.576e-96
3.983e-96
3.466e-96
3.017e-96
2.626e-96
2.285e-96
1.989e-96
1.731e-96
1.507e-96
1.311e-96
1.141e-96
9.935e-97
8.647e-97
7.526e-97
6.550e-97
5.701e-97
4.962e-97
4.319e-97
3.759e-97
3.271e-97
2.847e-97
2.478e-97
2.157e-97
1.877e-97
1.634e-97
1.422e-97
1.238e-97
1.077e-97
9.376e-98
8.161e-98
7.103e-98
6.182e-98
5.381e-98
4.683e-98
4.076e-98
3.547e-98
3.088e-98
2.687e-98
2.339e-98
2.036e-98
1.772e-98
1.542e-98
1.342e-98
1.168e-98
1.017e-98
8.849e-99
7.702e-99
6.704e-99
5.834e-99
5.078e-99
4.420e-99
3.847e-99
3.348e-99
2.914e-99
2.536e-99
2.207e-99
1.921e-99
1.672e-99
1.455e-99
1.267e-99
1.103e-99
9.596e-100
8.352e-100
7.269e-100
6.327e-100
5.507e-100
4.793e-100
4.171e-100
3.631e-100
3.160e-100
2.750e-100
2.394e-100
