# arrays of finj_ct 
2.897e-93
2.522e-93
2.195e-93
1.910e-93
1.663e-93
1.447e-93
1.259e-93
1.096e-93
9.541e-94
8.304e-94
7.227e-94
6.290e-94
5.475e-94
4.765e-94
4.147e-94
3.610e-94
3.142e-94
2.734e-94
2.380e-94
2.071e-94
1.803e-94
1.569e-94
1.366e-94
1.189e-94
1.035e-94
9.004e-95
7.837e-95
6.821e-95
5.937e-95
5.167e-95
4.497e-95
3.914e-95
3.407e-95
2.965e-95
2.581e-95
2.246e-95
1.955e-95
1.702e-95
1.481e-95
1.289e-95
1.122e-95
9.764e-96
8.498e-96
7.396e-96
6.438e-96
5.603e-96
4.877e-96
4.244e-96
3.694e-96
3.215e-96
2.798e-96
2.436e-96
2.120e-96
1.845e-96
1.606e-96
1.398e-96
1.216e-96
1.059e-96
9.215e-97
8.020e-97
6.981e-97
6.076e-97
5.288e-97
4.602e-97
4.006e-97
3.487e-97
3.035e-97
2.641e-97
2.299e-97
2.001e-97
1.741e-97
1.516e-97
1.319e-97
1.148e-97
9.993e-98
8.697e-98
7.570e-98
6.588e-98
5.734e-98
4.991e-98
4.344e-98
3.781e-98
3.291e-98
2.864e-98
2.493e-98
2.170e-98
1.888e-98
1.643e-98
1.430e-98
1.245e-98
1.084e-98
9.431e-99
8.208e-99
7.144e-99
6.218e-99
5.412e-99
4.710e-99
4.100e-99
3.568e-99
3.106e-99
2.703e-99
2.353e-99
2.048e-99
1.782e-99
1.551e-99
1.350e-99
1.175e-99
1.023e-99
8.901e-100
7.747e-100
6.743e-100
5.868e-100
5.108e-100
4.445e-100
3.869e-100
3.368e-100
2.931e-100
2.551e-100
2.220e-100
1.932e-100
1.682e-100
1.464e-100
1.274e-100
1.109e-100
9.652e-101
8.400e-101
7.311e-101
6.364e-101
5.539e-101
4.821e-101
4.196e-101
3.652e-101
3.178e-101
2.766e-101
2.408e-101
2.095e-101
1.824e-101
1.587e-101
1.382e-101
1.202e-101
1.047e-101
9.109e-102
7.928e-102
6.900e-102
6.006e-102
5.227e-102
4.550e-102
3.960e-102
3.446e-102
3.000e-102
2.611e-102
2.272e-102
1.978e-102
1.721e-102
1.498e-102
1.304e-102
1.135e-102
9.878e-103
8.597e-103
7.483e-103
6.513e-103
5.668e-103
4.933e-103
4.294e-103
3.737e-103
3.253e-103
2.831e-103
2.464e-103
2.145e-103
1.867e-103
1.625e-103
1.414e-103
1.231e-103
1.071e-103
9.322e-104
8.114e-104
7.062e-104
6.146e-104
5.350e-104
4.656e-104
4.052e-104
3.527e-104
3.070e-104
2.672e-104
2.325e-104
2.024e-104
1.762e-104
1.533e-104
1.334e-104
1.161e-104
1.011e-104
8.798e-105
7.658e-105
6.665e-105
5.801e-105
5.049e-105
4.394e-105
3.825e-105
3.329e-105
2.897e-105
