# arrays of finj_ct 
9.442e-90
8.218e-90
7.152e-90
6.225e-90
5.418e-90
4.716e-90
4.104e-90
3.572e-90
3.109e-90
2.706e-90
2.355e-90
2.050e-90
1.784e-90
1.553e-90
1.352e-90
1.176e-90
1.024e-90
8.911e-91
7.756e-91
6.750e-91
5.875e-91
5.114e-91
4.451e-91
3.874e-91
3.371e-91
2.934e-91
2.554e-91
2.223e-91
1.935e-91
1.684e-91
1.466e-91
1.276e-91
1.110e-91
9.663e-92
8.410e-92
7.320e-92
6.371e-92
5.545e-92
4.826e-92
4.200e-92
3.656e-92
3.182e-92
2.769e-92
2.410e-92
2.098e-92
1.826e-92
1.589e-92
1.383e-92
1.204e-92
1.048e-92
9.120e-93
7.937e-93
6.908e-93
6.013e-93
5.233e-93
4.555e-93
3.964e-93
3.450e-93
3.003e-93
2.614e-93
2.275e-93
1.980e-93
1.723e-93
1.500e-93
1.305e-93
1.136e-93
9.889e-94
8.607e-94
7.491e-94
6.520e-94
5.675e-94
4.939e-94
4.299e-94
3.741e-94
3.256e-94
2.834e-94
2.467e-94
2.147e-94
1.869e-94
1.626e-94
1.416e-94
1.232e-94
1.072e-94
9.333e-95
8.123e-95
7.070e-95
6.154e-95
5.356e-95
4.661e-95
4.057e-95
3.531e-95
3.073e-95
2.675e-95
2.328e-95
2.026e-95
1.764e-95
1.535e-95
1.336e-95
1.163e-95
1.012e-95
8.808e-96
7.667e-96
6.673e-96
5.808e-96
5.055e-96
4.399e-96
3.829e-96
3.333e-96
2.901e-96
2.525e-96
2.197e-96
1.912e-96
1.665e-96
1.449e-96
1.261e-96
1.097e-96
9.552e-97
8.313e-97
7.236e-97
6.298e-97
5.481e-97
4.771e-97
4.152e-97
3.614e-97
3.145e-97
2.738e-97
2.383e-97
2.074e-97
1.805e-97
1.571e-97
1.367e-97
1.190e-97
1.036e-97
9.015e-98
7.846e-98
6.829e-98
5.944e-98
5.173e-98
4.502e-98
3.919e-98
3.411e-98
2.969e-98
2.584e-98
2.249e-98
1.957e-98
1.703e-98
1.483e-98
1.290e-98
1.123e-98
9.775e-99
8.508e-99
7.405e-99
6.445e-99
5.609e-99
4.882e-99
4.249e-99
3.698e-99
3.219e-99
2.802e-99
2.438e-99
2.122e-99
1.847e-99
1.608e-99
1.399e-99
1.218e-99
1.060e-99
9.226e-100
8.030e-100
6.989e-100
6.083e-100
5.294e-100
4.608e-100
4.010e-100
3.491e-100
3.038e-100
2.644e-100
2.301e-100
2.003e-100
1.743e-100
1.517e-100
1.321e-100
1.149e-100
1.000e-100
8.707e-101
7.578e-101
6.596e-101
5.741e-101
4.997e-101
4.349e-101
3.785e-101
3.294e-101
2.867e-101
2.496e-101
2.172e-101
1.890e-101
1.645e-101
1.432e-101
1.246e-101
1.085e-101
9.442e-102
