# arrays of finj_ct 
4.310e-89
3.752e-89
3.265e-89
2.842e-89
2.474e-89
2.153e-89
1.874e-89
1.631e-89
1.419e-89
1.235e-89
1.075e-89
9.358e-90
8.145e-90
7.089e-90
6.170e-90
5.370e-90
4.674e-90
4.068e-90
3.541e-90
3.082e-90
2.682e-90
2.334e-90
2.032e-90
1.768e-90
1.539e-90
1.340e-90
1.166e-90
1.015e-90
8.832e-91
7.687e-91
6.691e-91
5.823e-91
5.068e-91
4.411e-91
3.839e-91
3.342e-91
2.908e-91
2.531e-91
2.203e-91
1.918e-91
1.669e-91
1.453e-91
1.264e-91
1.100e-91
9.578e-92
8.336e-92
7.255e-92
6.315e-92
5.496e-92
4.784e-92
4.163e-92
3.624e-92
3.154e-92
2.745e-92
2.389e-92
2.079e-92
1.810e-92
1.575e-92
1.371e-92
1.193e-92
1.039e-92
9.039e-93
7.867e-93
6.847e-93
5.960e-93
5.187e-93
4.515e-93
3.929e-93
3.420e-93
2.977e-93
2.591e-93
2.255e-93
1.963e-93
1.708e-93
1.487e-93
1.294e-93
1.126e-93
9.802e-94
8.531e-94
7.425e-94
6.463e-94
5.625e-94
4.896e-94
4.261e-94
3.708e-94
3.228e-94
2.809e-94
2.445e-94
2.128e-94
1.852e-94
1.612e-94
1.403e-94
1.221e-94
1.063e-94
9.251e-95
8.052e-95
7.008e-95
6.099e-95
5.309e-95
4.620e-95
4.021e-95
3.500e-95
3.046e-95
2.651e-95
2.308e-95
2.008e-95
1.748e-95
1.521e-95
1.324e-95
1.153e-95
1.003e-95
8.731e-96
7.599e-96
6.614e-96
5.756e-96
5.010e-96
4.361e-96
3.795e-96
3.303e-96
2.875e-96
2.502e-96
2.178e-96
1.896e-96
1.650e-96
1.436e-96
1.250e-96
1.088e-96
9.467e-97
8.240e-97
7.172e-97
6.242e-97
5.433e-97
4.728e-97
4.115e-97
3.582e-97
3.118e-97
2.713e-97
2.362e-97
2.055e-97
1.789e-97
1.557e-97
1.355e-97
1.180e-97
1.027e-97
8.935e-98
7.777e-98
6.769e-98
5.891e-98
5.127e-98
4.463e-98
3.884e-98
3.381e-98
2.942e-98
2.561e-98
2.229e-98
1.940e-98
1.688e-98
1.470e-98
1.279e-98
1.113e-98
9.689e-99
8.433e-99
7.340e-99
6.388e-99
5.560e-99
4.839e-99
4.212e-99
3.666e-99
3.191e-99
2.777e-99
2.417e-99
2.104e-99
1.831e-99
1.594e-99
1.387e-99
1.207e-99
1.051e-99
9.144e-100
7.959e-100
6.927e-100
6.029e-100
5.247e-100
4.567e-100
3.975e-100
3.460e-100
3.011e-100
2.621e-100
2.281e-100
1.985e-100
1.728e-100
1.504e-100
1.309e-100
1.139e-100
9.916e-101
8.630e-101
7.512e-101
6.538e-101
5.690e-101
4.952e-101
4.310e-101
