# arrays of finj_ct 
6.622e+02
5.764e+02
5.016e+02
4.366e+02
3.800e+02
3.307e+02
2.879e+02
2.505e+02
2.181e+02
1.898e+02
1.652e+02
1.438e+02
1.251e+02
1.089e+02
9.479e+01
8.250e+01
7.181e+01
6.250e+01
5.440e+01
4.734e+01
4.121e+01
3.587e+01
3.122e+01
2.717e+01
2.365e+01
2.058e+01
1.791e+01
1.559e+01
1.357e+01
1.181e+01
1.028e+01
8.947e+00
7.787e+00
6.777e+00
5.899e+00
5.134e+00
4.468e+00
3.889e+00
3.385e+00
2.946e+00
2.564e+00
2.232e+00
1.942e+00
1.691e+00
1.471e+00
1.281e+00
1.115e+00
9.701e-01
8.444e-01
7.349e-01
6.396e-01
5.567e-01
4.845e-01
4.217e-01
3.670e-01
3.195e-01
2.780e-01
2.420e-01
2.106e-01
1.833e-01
1.596e-01
1.389e-01
1.209e-01
1.052e-01
9.156e-02
7.969e-02
6.936e-02
6.037e-02
5.254e-02
4.573e-02
3.980e-02
3.464e-02
3.015e-02
2.624e-02
2.284e-02
1.988e-02
1.730e-02
1.506e-02
1.311e-02
1.141e-02
9.928e-03
8.641e-03
7.521e-03
6.546e-03
5.697e-03
4.959e-03
4.316e-03
3.756e-03
3.269e-03
2.846e-03
2.477e-03
2.156e-03
1.876e-03
1.633e-03
1.421e-03
1.237e-03
1.077e-03
9.370e-04
8.156e-04
7.098e-04
6.178e-04
5.377e-04
4.680e-04
4.073e-04
3.545e-04
3.086e-04
2.686e-04
2.337e-04
2.034e-04
1.771e-04
1.541e-04
1.341e-04
1.167e-04
1.016e-04
8.844e-05
7.697e-05
6.699e-05
5.831e-05
5.075e-05
4.417e-05
3.844e-05
3.346e-05
2.912e-05
2.535e-05
2.206e-05
1.920e-05
1.671e-05
1.454e-05
1.266e-05
1.102e-05
9.590e-06
8.347e-06
7.264e-06
6.323e-06
5.503e-06
4.790e-06
4.169e-06
3.628e-06
3.158e-06
2.748e-06
2.392e-06
2.082e-06
1.812e-06
1.577e-06
1.373e-06
1.195e-06
1.040e-06
9.051e-07
7.877e-07
6.856e-07
5.967e-07
5.194e-07
4.520e-07
3.934e-07
3.424e-07
2.980e-07
2.594e-07
2.258e-07
1.965e-07
1.710e-07
1.489e-07
1.296e-07
1.128e-07
9.814e-08
8.542e-08
7.435e-08
6.471e-08
5.632e-08
4.902e-08
4.266e-08
3.713e-08
3.232e-08
2.813e-08
2.448e-08
2.131e-08
1.855e-08
1.614e-08
1.405e-08
1.223e-08
1.064e-08
9.263e-09
8.062e-09
7.017e-09
6.107e-09
5.315e-09
4.626e-09
4.026e-09
3.504e-09
3.050e-09
2.655e-09
2.311e-09
2.011e-09
1.750e-09
1.523e-09
1.326e-09
1.154e-09
1.004e-09
8.742e-10
7.609e-10
6.622e-10
