# arrays of finj_ct 
8.791e-93
7.651e-93
6.659e-93
5.796e-93
5.045e-93
4.391e-93
3.821e-93
3.326e-93
2.895e-93
2.520e-93
2.193e-93
1.909e-93
1.661e-93
1.446e-93
1.258e-93
1.095e-93
9.533e-94
8.297e-94
7.221e-94
6.285e-94
5.470e-94
4.761e-94
4.144e-94
3.607e-94
3.139e-94
2.732e-94
2.378e-94
2.070e-94
1.801e-94
1.568e-94
1.365e-94
1.188e-94
1.034e-94
8.997e-95
7.830e-95
6.815e-95
5.932e-95
5.163e-95
4.493e-95
3.911e-95
3.404e-95
2.963e-95
2.579e-95
2.244e-95
1.953e-95
1.700e-95
1.480e-95
1.288e-95
1.121e-95
9.756e-96
8.491e-96
7.390e-96
6.432e-96
5.598e-96
4.873e-96
4.241e-96
3.691e-96
3.213e-96
2.796e-96
2.434e-96
2.118e-96
1.843e-96
1.604e-96
1.396e-96
1.215e-96
1.058e-96
9.207e-97
8.014e-97
6.975e-97
6.071e-97
5.284e-97
4.599e-97
4.002e-97
3.484e-97
3.032e-97
2.639e-97
2.297e-97
1.999e-97
1.740e-97
1.514e-97
1.318e-97
1.147e-97
9.984e-98
8.690e-98
7.563e-98
6.583e-98
5.729e-98
4.987e-98
4.340e-98
3.777e-98
3.288e-98
2.862e-98
2.491e-98
2.168e-98
1.887e-98
1.642e-98
1.429e-98
1.244e-98
1.083e-98
9.423e-99
8.201e-99
7.138e-99
6.213e-99
5.407e-99
4.706e-99
4.096e-99
3.565e-99
3.103e-99
2.701e-99
2.351e-99
2.046e-99
1.781e-99
1.550e-99
1.349e-99
1.174e-99
1.022e-99
8.893e-100
7.740e-100
6.737e-100
5.863e-100
5.103e-100
4.442e-100
3.866e-100
3.365e-100
2.929e-100
2.549e-100
2.218e-100
1.931e-100
1.681e-100
1.463e-100
1.273e-100
1.108e-100
9.644e-101
8.393e-101
7.305e-101
6.358e-101
5.534e-101
4.816e-101
4.192e-101
3.649e-101
3.176e-101
2.764e-101
2.406e-101
2.094e-101
1.822e-101
1.586e-101
1.380e-101
1.201e-101
1.046e-101
9.101e-102
7.922e-102
6.895e-102
6.001e-102
5.223e-102
4.546e-102
3.956e-102
3.443e-102
2.997e-102
2.609e-102
2.270e-102
1.976e-102
1.720e-102
1.497e-102
1.303e-102
1.134e-102
9.869e-103
8.590e-103
7.476e-103
6.507e-103
5.663e-103
4.929e-103
4.290e-103
3.734e-103
3.250e-103
2.829e-103
2.462e-103
2.143e-103
1.865e-103
1.623e-103
1.413e-103
1.230e-103
1.070e-103
9.315e-104
8.107e-104
7.056e-104
6.141e-104
5.345e-104
4.652e-104
4.049e-104
3.524e-104
3.067e-104
2.670e-104
2.324e-104
2.022e-104
1.760e-104
1.532e-104
1.333e-104
1.160e-104
1.010e-104
8.791e-105
