# arrays of finj_ct 
1.465e-89
1.275e-89
1.110e-89
9.658e-90
8.406e-90
7.316e-90
6.368e-90
5.542e-90
4.824e-90
4.198e-90
3.654e-90
3.180e-90
2.768e-90
2.409e-90
2.097e-90
1.825e-90
1.588e-90
1.382e-90
1.203e-90
1.047e-90
9.115e-91
7.933e-91
6.905e-91
6.010e-91
5.231e-91
4.552e-91
3.962e-91
3.449e-91
3.002e-91
2.612e-91
2.274e-91
1.979e-91
1.722e-91
1.499e-91
1.305e-91
1.136e-91
9.884e-92
8.603e-92
7.487e-92
6.517e-92
5.672e-92
4.937e-92
4.297e-92
3.740e-92
3.255e-92
2.833e-92
2.466e-92
2.146e-92
1.868e-92
1.626e-92
1.415e-92
1.231e-92
1.072e-92
9.328e-93
8.119e-93
7.066e-93
6.150e-93
5.353e-93
4.659e-93
4.055e-93
3.529e-93
3.072e-93
2.674e-93
2.327e-93
2.025e-93
1.763e-93
1.534e-93
1.335e-93
1.162e-93
1.012e-93
8.804e-94
7.663e-94
6.669e-94
5.805e-94
5.052e-94
4.397e-94
3.827e-94
3.331e-94
2.899e-94
2.523e-94
2.196e-94
1.911e-94
1.664e-94
1.448e-94
1.260e-94
1.097e-94
9.547e-95
8.309e-95
7.232e-95
6.294e-95
5.478e-95
4.768e-95
4.150e-95
3.612e-95
3.144e-95
2.736e-95
2.381e-95
2.073e-95
1.804e-95
1.570e-95
1.367e-95
1.189e-95
1.035e-95
9.010e-96
7.842e-96
6.825e-96
5.941e-96
5.170e-96
4.500e-96
3.917e-96
3.409e-96
2.967e-96
2.582e-96
2.248e-96
1.956e-96
1.703e-96
1.482e-96
1.290e-96
1.123e-96
9.770e-97
8.504e-97
7.401e-97
6.442e-97
5.607e-97
4.880e-97
4.247e-97
3.697e-97
3.217e-97
2.800e-97
2.437e-97
2.121e-97
1.846e-97
1.607e-97
1.399e-97
1.217e-97
1.059e-97
9.221e-98
8.026e-98
6.985e-98
6.080e-98
5.291e-98
4.605e-98
4.008e-98
3.489e-98
3.036e-98
2.643e-98
2.300e-98
2.002e-98
1.742e-98
1.517e-98
1.320e-98
1.149e-98
9.999e-99
8.703e-99
7.575e-99
6.593e-99
5.738e-99
4.994e-99
4.347e-99
3.783e-99
3.293e-99
2.866e-99
2.494e-99
2.171e-99
1.889e-99
1.645e-99
1.431e-99
1.246e-99
1.084e-99
9.437e-100
8.214e-100
7.149e-100
6.222e-100
5.415e-100
4.713e-100
4.102e-100
3.570e-100
3.108e-100
2.705e-100
2.354e-100
2.049e-100
1.783e-100
1.552e-100
1.351e-100
1.176e-100
1.023e-100
8.907e-101
7.752e-101
6.747e-101
5.872e-101
5.111e-101
4.448e-101
3.872e-101
3.370e-101
2.933e-101
2.553e-101
2.222e-101
1.934e-101
1.683e-101
1.465e-101
