# arrays of finj_ct 
6.609e-89
5.753e-89
5.007e-89
4.358e-89
3.793e-89
3.301e-89
2.873e-89
2.501e-89
2.176e-89
1.894e-89
1.649e-89
1.435e-89
1.249e-89
1.087e-89
9.461e-90
8.235e-90
7.167e-90
6.238e-90
5.429e-90
4.725e-90
4.113e-90
3.580e-90
3.116e-90
2.712e-90
2.360e-90
2.054e-90
1.788e-90
1.556e-90
1.354e-90
1.179e-90
1.026e-90
8.929e-91
7.772e-91
6.764e-91
5.887e-91
5.124e-91
4.460e-91
3.882e-91
3.378e-91
2.940e-91
2.559e-91
2.227e-91
1.939e-91
1.687e-91
1.469e-91
1.278e-91
1.112e-91
9.683e-92
8.427e-92
7.335e-92
6.384e-92
5.556e-92
4.836e-92
4.209e-92
3.663e-92
3.188e-92
2.775e-92
2.415e-92
2.102e-92
1.830e-92
1.592e-92
1.386e-92
1.206e-92
1.050e-92
9.138e-93
7.954e-93
6.923e-93
6.025e-93
5.244e-93
4.564e-93
3.972e-93
3.457e-93
3.009e-93
2.619e-93
2.280e-93
1.984e-93
1.727e-93
1.503e-93
1.308e-93
1.139e-93
9.909e-94
8.625e-94
7.507e-94
6.533e-94
5.686e-94
4.949e-94
4.308e-94
3.749e-94
3.263e-94
2.840e-94
2.472e-94
2.151e-94
1.873e-94
1.630e-94
1.418e-94
1.235e-94
1.075e-94
9.352e-95
8.140e-95
7.085e-95
6.166e-95
5.367e-95
4.671e-95
4.065e-95
3.538e-95
3.080e-95
2.680e-95
2.333e-95
2.031e-95
1.767e-95
1.538e-95
1.339e-95
1.165e-95
1.014e-95
8.827e-96
7.682e-96
6.686e-96
5.820e-96
5.065e-96
4.408e-96
3.837e-96
3.340e-96
2.907e-96
2.530e-96
2.202e-96
1.916e-96
1.668e-96
1.452e-96
1.263e-96
1.100e-96
9.571e-97
8.330e-97
7.250e-97
6.311e-97
5.492e-97
4.780e-97
4.161e-97
3.621e-97
3.152e-97
2.743e-97
2.388e-97
2.078e-97
1.809e-97
1.574e-97
1.370e-97
1.192e-97
1.038e-97
9.033e-98
7.862e-98
6.843e-98
5.956e-98
5.184e-98
4.512e-98
3.927e-98
3.418e-98
2.975e-98
2.589e-98
2.253e-98
1.961e-98
1.707e-98
1.486e-98
1.293e-98
1.125e-98
9.795e-99
8.525e-99
7.420e-99
6.458e-99
5.621e-99
4.892e-99
4.258e-99
3.706e-99
3.226e-99
2.807e-99
2.443e-99
2.127e-99
1.851e-99
1.611e-99
1.402e-99
1.220e-99
1.062e-99
9.245e-100
8.046e-100
7.003e-100
6.095e-100
5.305e-100
4.617e-100
4.019e-100
3.498e-100
3.044e-100
2.650e-100
2.306e-100
2.007e-100
1.747e-100
1.520e-100
1.323e-100
1.152e-100
1.002e-100
8.725e-101
7.594e-101
6.609e-101
