# arrays of finj_ct 
1.013e-88
8.815e-89
7.672e-89
6.677e-89
5.812e-89
5.058e-89
4.402e-89
3.832e-89
3.335e-89
2.903e-89
2.526e-89
2.199e-89
1.914e-89
1.666e-89
1.450e-89
1.262e-89
1.098e-89
9.558e-90
8.319e-90
7.241e-90
6.302e-90
5.485e-90
4.774e-90
4.155e-90
3.616e-90
3.148e-90
2.739e-90
2.384e-90
2.075e-90
1.806e-90
1.572e-90
1.368e-90
1.191e-90
1.036e-90
9.021e-91
7.851e-91
6.834e-91
5.948e-91
5.177e-91
4.506e-91
3.921e-91
3.413e-91
2.971e-91
2.585e-91
2.250e-91
1.959e-91
1.705e-91
1.484e-91
1.291e-91
1.124e-91
9.782e-92
8.514e-92
7.410e-92
6.449e-92
5.613e-92
4.886e-92
4.252e-92
3.701e-92
3.221e-92
2.804e-92
2.440e-92
2.124e-92
1.848e-92
1.609e-92
1.400e-92
1.219e-92
1.061e-92
9.232e-93
8.035e-93
6.994e-93
6.087e-93
5.298e-93
4.611e-93
4.013e-93
3.493e-93
3.040e-93
2.646e-93
2.303e-93
2.004e-93
1.745e-93
1.518e-93
1.322e-93
1.150e-93
1.001e-93
8.713e-94
7.584e-94
6.600e-94
5.745e-94
5.000e-94
4.352e-94
3.788e-94
3.297e-94
2.869e-94
2.497e-94
2.174e-94
1.892e-94
1.646e-94
1.433e-94
1.247e-94
1.086e-94
9.448e-95
8.223e-95
7.157e-95
6.229e-95
5.422e-95
4.719e-95
4.107e-95
3.575e-95
3.111e-95
2.708e-95
2.357e-95
2.051e-95
1.785e-95
1.554e-95
1.352e-95
1.177e-95
1.025e-95
8.917e-96
7.761e-96
6.755e-96
5.879e-96
5.117e-96
4.454e-96
3.876e-96
3.374e-96
2.936e-96
2.556e-96
2.224e-96
1.936e-96
1.685e-96
1.467e-96
1.276e-96
1.111e-96
9.670e-97
8.416e-97
7.325e-97
6.375e-97
5.549e-97
4.829e-97
4.203e-97
3.658e-97
3.184e-97
2.771e-97
2.412e-97
2.099e-97
1.827e-97
1.590e-97
1.384e-97
1.205e-97
1.049e-97
9.126e-98
7.943e-98
6.913e-98
6.017e-98
5.237e-98
4.558e-98
3.967e-98
3.453e-98
3.005e-98
2.616e-98
2.276e-98
1.981e-98
1.724e-98
1.501e-98
1.306e-98
1.137e-98
9.896e-99
8.613e-99
7.496e-99
6.525e-99
5.679e-99
4.942e-99
4.302e-99
3.744e-99
3.259e-99
2.836e-99
2.469e-99
2.149e-99
1.870e-99
1.628e-99
1.417e-99
1.233e-99
1.073e-99
9.340e-100
8.129e-100
7.075e-100
6.158e-100
5.359e-100
4.665e-100
4.060e-100
3.534e-100
3.075e-100
2.677e-100
2.330e-100
2.028e-100
1.765e-100
1.536e-100
1.337e-100
1.164e-100
1.013e-100
