# arrays of finj_ct 
5.338e+06
4.646e+06
4.043e+06
3.519e+06
3.063e+06
2.666e+06
2.320e+06
2.020e+06
1.758e+06
1.530e+06
1.332e+06
1.159e+06
1.009e+06
8.779e+05
7.641e+05
6.650e+05
5.788e+05
5.038e+05
4.385e+05
3.816e+05
3.321e+05
2.891e+05
2.516e+05
2.190e+05
1.906e+05
1.659e+05
1.444e+05
1.257e+05
1.094e+05
9.520e+04
8.285e+04
7.211e+04
6.276e+04
5.463e+04
4.755e+04
4.138e+04
3.602e+04
3.135e+04
2.728e+04
2.375e+04
2.067e+04
1.799e+04
1.566e+04
1.363e+04
1.186e+04
1.032e+04
8.984e+03
7.820e+03
6.806e+03
5.924e+03
5.156e+03
4.487e+03
3.906e+03
3.399e+03
2.959e+03
2.575e+03
2.241e+03
1.951e+03
1.698e+03
1.478e+03
1.286e+03
1.119e+03
9.742e+02
8.479e+02
7.380e+02
6.423e+02
5.591e+02
4.866e+02
4.235e+02
3.686e+02
3.208e+02
2.792e+02
2.430e+02
2.115e+02
1.841e+02
1.602e+02
1.395e+02
1.214e+02
1.056e+02
9.195e+01
8.003e+01
6.965e+01
6.062e+01
5.276e+01
4.592e+01
3.997e+01
3.479e+01
3.028e+01
2.635e+01
2.294e+01
1.996e+01
1.737e+01
1.512e+01
1.316e+01
1.146e+01
9.970e+00
8.678e+00
7.553e+00
6.574e+00
5.721e+00
4.980e+00
4.334e+00
3.772e+00
3.283e+00
2.858e+00
2.487e+00
2.165e+00
1.884e+00
1.640e+00
1.427e+00
1.242e+00
1.081e+00
9.410e-01
8.190e-01
7.128e-01
6.204e-01
5.400e-01
4.700e-01
4.091e-01
3.560e-01
3.099e-01
2.697e-01
2.347e-01
2.043e-01
1.778e-01
1.548e-01
1.347e-01
1.172e-01
1.020e-01
8.881e-02
7.730e-02
6.728e-02
5.855e-02
5.096e-02
4.436e-02
3.861e-02
3.360e-02
2.925e-02
2.545e-02
2.215e-02
1.928e-02
1.678e-02
1.461e-02
1.271e-02
1.106e-02
9.630e-03
8.382e-03
7.295e-03
6.349e-03
5.526e-03
4.810e-03
4.186e-03
3.644e-03
3.171e-03
2.760e-03
2.402e-03
2.091e-03
1.820e-03
1.584e-03
1.379e-03
1.200e-03
1.044e-03
9.089e-04
7.911e-04
6.885e-04
5.993e-04
5.216e-04
4.539e-04
3.951e-04
3.439e-04
2.993e-04
2.605e-04
2.267e-04
1.973e-04
1.718e-04
1.495e-04
1.301e-04
1.132e-04
9.856e-05
8.578e-05
7.466e-05
6.498e-05
5.656e-05
4.922e-05
4.284e-05
3.729e-05
3.245e-05
2.825e-05
2.459e-05
2.140e-05
1.862e-05
1.621e-05
1.411e-05
1.228e-05
1.069e-05
9.302e-06
8.096e-06
7.046e-06
6.133e-06
5.338e-06
