# arrays of finj_ct 
7.559e+05
6.579e+05
5.726e+05
4.984e+05
4.338e+05
3.776e+05
3.286e+05
2.860e+05
2.489e+05
2.167e+05
1.886e+05
1.641e+05
1.428e+05
1.243e+05
1.082e+05
9.418e+04
8.197e+04
7.134e+04
6.210e+04
5.405e+04
4.704e+04
4.094e+04
3.563e+04
3.101e+04
2.699e+04
2.349e+04
2.045e+04
1.780e+04
1.549e+04
1.348e+04
1.173e+04
1.021e+04
8.889e+03
7.736e+03
6.733e+03
5.860e+03
5.101e+03
4.439e+03
3.864e+03
3.363e+03
2.927e+03
2.548e+03
2.217e+03
1.930e+03
1.680e+03
1.462e+03
1.272e+03
1.107e+03
9.639e+02
8.389e+02
7.301e+02
6.355e+02
5.531e+02
4.814e+02
4.190e+02
3.647e+02
3.174e+02
2.762e+02
2.404e+02
2.093e+02
1.821e+02
1.585e+02
1.380e+02
1.201e+02
1.045e+02
9.097e+01
7.917e+01
6.891e+01
5.998e+01
5.220e+01
4.543e+01
3.954e+01
3.442e+01
2.996e+01
2.607e+01
2.269e+01
1.975e+01
1.719e+01
1.496e+01
1.302e+01
1.133e+01
9.864e+00
8.585e+00
7.472e+00
6.504e+00
5.661e+00
4.927e+00
4.288e+00
3.732e+00
3.248e+00
2.827e+00
2.461e+00
2.142e+00
1.864e+00
1.622e+00
1.412e+00
1.229e+00
1.070e+00
9.310e-01
8.103e-01
7.052e-01
6.138e-01
5.342e-01
4.650e-01
4.047e-01
3.522e-01
3.066e-01
2.668e-01
2.322e-01
2.021e-01
1.759e-01
1.531e-01
1.333e-01
1.160e-01
1.010e-01
8.786e-02
7.647e-02
6.656e-02
5.793e-02
5.042e-02
4.388e-02
3.819e-02
3.324e-02
2.893e-02
2.518e-02
2.192e-02
1.908e-02
1.660e-02
1.445e-02
1.258e-02
1.095e-02
9.528e-03
8.293e-03
7.217e-03
6.282e-03
5.467e-03
4.759e-03
4.142e-03
3.605e-03
3.137e-03
2.731e-03
2.377e-03
2.069e-03
1.800e-03
1.567e-03
1.364e-03
1.187e-03
1.033e-03
8.992e-04
7.826e-04
6.812e-04
5.929e-04
5.160e-04
4.491e-04
3.909e-04
3.402e-04
2.961e-04
2.577e-04
2.243e-04
1.952e-04
1.699e-04
1.479e-04
1.287e-04
1.120e-04
9.751e-05
8.487e-05
7.386e-05
6.429e-05
5.595e-05
4.870e-05
4.239e-05
3.689e-05
3.211e-05
2.795e-05
2.432e-05
2.117e-05
1.843e-05
1.604e-05
1.396e-05
1.215e-05
1.057e-05
9.203e-06
8.010e-06
6.971e-06
6.067e-06
5.281e-06
4.596e-06
4.000e-06
3.482e-06
3.030e-06
2.638e-06
2.296e-06
1.998e-06
1.739e-06
1.514e-06
1.317e-06
1.147e-06
9.979e-07
8.685e-07
7.559e-07
