# arrays of finj_ct 
3.479e+06
3.028e+06
2.635e+06
2.294e+06
1.996e+06
1.738e+06
1.512e+06
1.316e+06
1.146e+06
9.971e+05
8.678e+05
7.553e+05
6.574e+05
5.722e+05
4.980e+05
4.334e+05
3.772e+05
3.283e+05
2.858e+05
2.487e+05
2.165e+05
1.884e+05
1.640e+05
1.427e+05
1.242e+05
1.081e+05
9.410e+04
8.190e+04
7.129e+04
6.204e+04
5.400e+04
4.700e+04
4.091e+04
3.560e+04
3.099e+04
2.697e+04
2.347e+04
2.043e+04
1.778e+04
1.548e+04
1.347e+04
1.172e+04
1.020e+04
8.881e+03
7.730e+03
6.728e+03
5.856e+03
5.097e+03
4.436e+03
3.861e+03
3.360e+03
2.925e+03
2.545e+03
2.215e+03
1.928e+03
1.678e+03
1.461e+03
1.271e+03
1.107e+03
9.631e+02
8.382e+02
7.296e+02
6.350e+02
5.527e+02
4.810e+02
4.187e+02
3.644e+02
3.171e+02
2.760e+02
2.402e+02
2.091e+02
1.820e+02
1.584e+02
1.379e+02
1.200e+02
1.044e+02
9.089e+01
7.911e+01
6.885e+01
5.993e+01
5.216e+01
4.540e+01
3.951e+01
3.439e+01
2.993e+01
2.605e+01
2.267e+01
1.973e+01
1.718e+01
1.495e+01
1.301e+01
1.132e+01
9.856e+00
8.578e+00
7.466e+00
6.498e+00
5.656e+00
4.923e+00
4.285e+00
3.729e+00
3.246e+00
2.825e+00
2.459e+00
2.140e+00
1.862e+00
1.621e+00
1.411e+00
1.228e+00
1.069e+00
9.302e-01
8.096e-01
7.047e-01
6.133e-01
5.338e-01
4.646e-01
4.044e-01
3.519e-01
3.063e-01
2.666e-01
2.320e-01
2.020e-01
1.758e-01
1.530e-01
1.332e-01
1.159e-01
1.009e-01
8.779e-02
7.641e-02
6.651e-02
5.788e-02
5.038e-02
4.385e-02
3.816e-02
3.322e-02
2.891e-02
2.516e-02
2.190e-02
1.906e-02
1.659e-02
1.444e-02
1.257e-02
1.094e-02
9.520e-03
8.286e-03
7.212e-03
6.277e-03
5.463e-03
4.755e-03
4.138e-03
3.602e-03
3.135e-03
2.728e-03
2.375e-03
2.067e-03
1.799e-03
1.566e-03
1.363e-03
1.186e-03
1.032e-03
8.985e-04
7.820e-04
6.806e-04
5.924e-04
5.156e-04
4.487e-04
3.906e-04
3.399e-04
2.959e-04
2.575e-04
2.241e-04
1.951e-04
1.698e-04
1.478e-04
1.286e-04
1.119e-04
9.743e-05
8.480e-05
7.380e-05
6.424e-05
5.591e-05
4.866e-05
4.235e-05
3.686e-05
3.208e-05
2.792e-05
2.430e-05
2.115e-05
1.841e-05
1.602e-05
1.395e-05
1.214e-05
1.056e-05
9.195e-06
8.003e-06
6.966e-06
6.063e-06
5.277e-06
4.593e-06
3.997e-06
3.479e-06
