# arrays of finj_ct 
1.554e+07
1.352e+07
1.177e+07
1.024e+07
8.916e+06
7.760e+06
6.754e+06
5.878e+06
5.116e+06
4.453e+06
3.876e+06
3.373e+06
2.936e+06
2.555e+06
2.224e+06
1.936e+06
1.685e+06
1.466e+06
1.276e+06
1.111e+06
9.668e+05
8.415e+05
7.324e+05
6.374e+05
5.548e+05
4.829e+05
4.203e+05
3.658e+05
3.184e+05
2.771e+05
2.412e+05
2.099e+05
1.827e+05
1.590e+05
1.384e+05
1.205e+05
1.048e+05
9.125e+04
7.942e+04
6.912e+04
6.016e+04
5.236e+04
4.557e+04
3.966e+04
3.452e+04
3.005e+04
2.615e+04
2.276e+04
1.981e+04
1.724e+04
1.501e+04
1.306e+04
1.137e+04
9.894e+03
8.612e+03
7.495e+03
6.524e+03
5.678e+03
4.942e+03
4.301e+03
3.744e+03
3.258e+03
2.836e+03
2.468e+03
2.148e+03
1.870e+03
1.627e+03
1.416e+03
1.233e+03
1.073e+03
9.338e+02
8.128e+02
7.074e+02
6.157e+02
5.359e+02
4.664e+02
4.059e+02
3.533e+02
3.075e+02
2.676e+02
2.329e+02
2.027e+02
1.765e+02
1.536e+02
1.337e+02
1.163e+02
1.013e+02
8.813e+01
7.671e+01
6.676e+01
5.811e+01
5.057e+01
4.402e+01
3.831e+01
3.334e+01
2.902e+01
2.526e+01
2.198e+01
1.913e+01
1.665e+01
1.450e+01
1.262e+01
1.098e+01
9.557e+00
8.318e+00
7.240e+00
6.301e+00
5.484e+00
4.773e+00
4.154e+00
3.616e+00
3.147e+00
2.739e+00
2.384e+00
2.075e+00
1.806e+00
1.572e+00
1.368e+00
1.191e+00
1.036e+00
9.020e-01
7.850e-01
6.833e-01
5.947e-01
5.176e-01
4.505e-01
3.921e-01
3.413e-01
2.970e-01
2.585e-01
2.250e-01
1.958e-01
1.704e-01
1.483e-01
1.291e-01
1.124e-01
9.781e-02
8.513e-02
7.409e-02
6.449e-02
5.613e-02
4.885e-02
4.252e-02
3.700e-02
3.221e-02
2.803e-02
2.440e-02
2.123e-02
1.848e-02
1.609e-02
1.400e-02
1.219e-02
1.061e-02
9.231e-03
8.034e-03
6.993e-03
6.086e-03
5.297e-03
4.610e-03
4.013e-03
3.492e-03
3.040e-03
2.646e-03
2.303e-03
2.004e-03
1.744e-03
1.518e-03
1.321e-03
1.150e-03
1.001e-03
8.712e-04
7.583e-04
6.600e-04
5.744e-04
4.999e-04
4.351e-04
3.787e-04
3.296e-04
2.869e-04
2.497e-04
2.173e-04
1.891e-04
1.646e-04
1.433e-04
1.247e-04
1.085e-04
9.447e-05
8.222e-05
7.156e-05
6.229e-05
5.421e-05
4.718e-05
4.107e-05
3.574e-05
3.111e-05
2.708e-05
2.357e-05
2.051e-05
1.785e-05
1.554e-05
