# arrays of finj_ct 
1.888e+05
1.643e+05
1.430e+05
1.245e+05
1.083e+05
9.430e+04
8.207e+04
7.143e+04
6.217e+04
5.411e+04
4.710e+04
4.099e+04
3.568e+04
3.105e+04
2.703e+04
2.352e+04
2.047e+04
1.782e+04
1.551e+04
1.350e+04
1.175e+04
1.023e+04
8.900e+03
7.746e+03
6.742e+03
5.868e+03
5.107e+03
4.445e+03
3.869e+03
3.367e+03
2.931e+03
2.551e+03
2.220e+03
1.932e+03
1.682e+03
1.464e+03
1.274e+03
1.109e+03
9.650e+02
8.399e+02
7.310e+02
6.363e+02
5.538e+02
4.820e+02
4.195e+02
3.651e+02
3.178e+02
2.766e+02
2.407e+02
2.095e+02
1.824e+02
1.587e+02
1.381e+02
1.202e+02
1.046e+02
9.108e+01
7.927e+01
6.899e+01
6.005e+01
5.227e+01
4.549e+01
3.959e+01
3.446e+01
2.999e+01
2.610e+01
2.272e+01
1.977e+01
1.721e+01
1.498e+01
1.304e+01
1.135e+01
9.876e+00
8.596e+00
7.482e+00
6.512e+00
5.667e+00
4.933e+00
4.293e+00
3.737e+00
3.252e+00
2.831e+00
2.464e+00
2.144e+00
1.866e+00
1.624e+00
1.414e+00
1.230e+00
1.071e+00
9.321e-01
8.113e-01
7.061e-01
6.146e-01
5.349e-01
4.655e-01
4.052e-01
3.527e-01
3.069e-01
2.671e-01
2.325e-01
2.024e-01
1.761e-01
1.533e-01
1.334e-01
1.161e-01
1.011e-01
8.797e-02
7.657e-02
6.664e-02
5.800e-02
5.048e-02
4.394e-02
3.824e-02
3.328e-02
2.897e-02
2.521e-02
2.194e-02
1.910e-02
1.662e-02
1.447e-02
1.259e-02
1.096e-02
9.539e-03
8.303e-03
7.226e-03
6.289e-03
5.474e-03
4.764e-03
4.147e-03
3.609e-03
3.141e-03
2.734e-03
2.380e-03
2.071e-03
1.803e-03
1.569e-03
1.366e-03
1.188e-03
1.034e-03
9.003e-04
7.836e-04
6.820e-04
5.936e-04
5.166e-04
4.497e-04
3.914e-04
3.406e-04
2.965e-04
2.580e-04
2.246e-04
1.955e-04
1.701e-04
1.481e-04
1.289e-04
1.122e-04
9.763e-05
8.497e-05
7.395e-05
6.437e-05
5.602e-05
4.876e-05
4.244e-05
3.694e-05
3.215e-05
2.798e-05
2.435e-05
2.120e-05
1.845e-05
1.606e-05
1.397e-05
1.216e-05
1.059e-05
9.214e-06
8.019e-06
6.980e-06
6.075e-06
5.287e-06
4.602e-06
4.005e-06
3.486e-06
3.034e-06
2.641e-06
2.298e-06
2.000e-06
1.741e-06
1.515e-06
1.319e-06
1.148e-06
9.991e-07
8.696e-07
7.569e-07
6.587e-07
5.733e-07
4.990e-07
4.343e-07
3.780e-07
3.290e-07
2.864e-07
2.492e-07
2.169e-07
1.888e-07
