# arrays of finj_ct 
6.234e+03
5.426e+03
4.722e+03
4.110e+03
3.577e+03
3.113e+03
2.710e+03
2.358e+03
2.053e+03
1.787e+03
1.555e+03
1.353e+03
1.178e+03
1.025e+03
8.923e+02
7.766e+02
6.760e+02
5.883e+02
5.121e+02
4.457e+02
3.879e+02
3.376e+02
2.938e+02
2.557e+02
2.226e+02
1.937e+02
1.686e+02
1.468e+02
1.277e+02
1.112e+02
9.676e+01
8.422e+01
7.330e+01
6.380e+01
5.553e+01
4.833e+01
4.206e+01
3.661e+01
3.186e+01
2.773e+01
2.414e+01
2.101e+01
1.828e+01
1.591e+01
1.385e+01
1.206e+01
1.049e+01
9.132e+00
7.948e+00
6.918e+00
6.021e+00
5.240e+00
4.561e+00
3.970e+00
3.455e+00
3.007e+00
2.617e+00
2.278e+00
1.983e+00
1.726e+00
1.502e+00
1.307e+00
1.138e+00
9.903e-01
8.619e-01
7.501e-01
6.529e-01
5.683e-01
4.946e-01
4.305e-01
3.747e-01
3.261e-01
2.838e-01
2.470e-01
2.150e-01
1.871e-01
1.629e-01
1.418e-01
1.234e-01
1.074e-01
9.346e-02
8.134e-02
7.080e-02
6.162e-02
5.363e-02
4.668e-02
4.063e-02
3.536e-02
3.078e-02
2.679e-02
2.331e-02
2.029e-02
1.766e-02
1.537e-02
1.338e-02
1.164e-02
1.013e-02
8.821e-03
7.677e-03
6.682e-03
5.816e-03
5.062e-03
4.405e-03
3.834e-03
3.337e-03
2.905e-03
2.528e-03
2.200e-03
1.915e-03
1.667e-03
1.451e-03
1.263e-03
1.099e-03
9.565e-04
8.325e-04
7.246e-04
6.306e-04
5.489e-04
4.777e-04
4.158e-04
3.619e-04
3.150e-04
2.741e-04
2.386e-04
2.077e-04
1.807e-04
1.573e-04
1.369e-04
1.192e-04
1.037e-04
9.027e-05
7.857e-05
6.838e-05
5.952e-05
5.180e-05
4.509e-05
3.924e-05
3.415e-05
2.973e-05
2.587e-05
2.252e-05
1.960e-05
1.706e-05
1.485e-05
1.292e-05
1.125e-05
9.789e-06
8.520e-06
7.415e-06
6.454e-06
5.617e-06
4.889e-06
4.255e-06
3.703e-06
3.223e-06
2.805e-06
2.442e-06
2.125e-06
1.850e-06
1.610e-06
1.401e-06
1.220e-06
1.061e-06
9.238e-07
8.041e-07
6.998e-07
6.091e-07
5.301e-07
4.614e-07
4.016e-07
3.495e-07
3.042e-07
2.648e-07
2.305e-07
2.006e-07
1.746e-07
1.519e-07
1.322e-07
1.151e-07
1.002e-07
8.719e-08
7.589e-08
6.605e-08
5.749e-08
5.003e-08
4.355e-08
3.790e-08
3.299e-08
2.871e-08
2.499e-08
2.175e-08
1.893e-08
1.648e-08
1.434e-08
1.248e-08
1.086e-08
9.455e-09
8.229e-09
7.162e-09
6.234e-09
