# arrays of finj_ct 
1.013e+07
8.815e+06
7.672e+06
6.677e+06
5.812e+06
5.058e+06
4.402e+06
3.832e+06
3.335e+06
2.903e+06
2.526e+06
2.199e+06
1.914e+06
1.666e+06
1.450e+06
1.262e+06
1.098e+06
9.558e+05
8.319e+05
7.241e+05
6.302e+05
5.485e+05
4.774e+05
4.155e+05
3.616e+05
3.148e+05
2.739e+05
2.384e+05
2.075e+05
1.806e+05
1.572e+05
1.368e+05
1.191e+05
1.036e+05
9.021e+04
7.851e+04
6.834e+04
5.948e+04
5.177e+04
4.506e+04
3.921e+04
3.413e+04
2.971e+04
2.585e+04
2.250e+04
1.959e+04
1.705e+04
1.484e+04
1.291e+04
1.124e+04
9.782e+03
8.514e+03
7.410e+03
6.449e+03
5.613e+03
4.886e+03
4.252e+03
3.701e+03
3.221e+03
2.804e+03
2.440e+03
2.124e+03
1.848e+03
1.609e+03
1.400e+03
1.219e+03
1.061e+03
9.232e+02
8.035e+02
6.994e+02
6.087e+02
5.298e+02
4.611e+02
4.013e+02
3.493e+02
3.040e+02
2.646e+02
2.303e+02
2.004e+02
1.745e+02
1.518e+02
1.322e+02
1.150e+02
1.001e+02
8.713e+01
7.584e+01
6.600e+01
5.745e+01
5.000e+01
4.352e+01
3.788e+01
3.297e+01
2.869e+01
2.497e+01
2.174e+01
1.892e+01
1.646e+01
1.433e+01
1.247e+01
1.086e+01
9.448e+00
8.223e+00
7.157e+00
6.229e+00
5.422e+00
4.719e+00
4.107e+00
3.575e+00
3.111e+00
2.708e+00
2.357e+00
2.051e+00
1.785e+00
1.554e+00
1.352e+00
1.177e+00
1.025e+00
8.917e-01
7.761e-01
6.755e-01
5.879e-01
5.117e-01
4.454e-01
3.876e-01
3.374e-01
2.936e-01
2.556e-01
2.224e-01
1.936e-01
1.685e-01
1.467e-01
1.276e-01
1.111e-01
9.670e-02
8.416e-02
7.325e-02
6.375e-02
5.549e-02
4.829e-02
4.203e-02
3.658e-02
3.184e-02
2.771e-02
2.412e-02
2.099e-02
1.827e-02
1.590e-02
1.384e-02
1.205e-02
1.049e-02
9.126e-03
7.943e-03
6.913e-03
6.017e-03
5.237e-03
4.558e-03
3.967e-03
3.453e-03
3.005e-03
2.616e-03
2.276e-03
1.981e-03
1.724e-03
1.501e-03
1.306e-03
1.137e-03
9.896e-04
8.613e-04
7.496e-04
6.525e-04
5.679e-04
4.943e-04
4.302e-04
3.744e-04
3.259e-04
2.836e-04
2.469e-04
2.149e-04
1.870e-04
1.628e-04
1.417e-04
1.233e-04
1.073e-04
9.340e-05
8.129e-05
7.075e-05
6.158e-05
5.359e-05
4.665e-05
4.060e-05
3.534e-05
3.075e-05
2.677e-05
2.330e-05
2.028e-05
1.765e-05
1.536e-05
1.337e-05
1.164e-05
1.013e-05
