1e-08 2.2950564e-18 3.3513047e-27 3.2870733e-27
1.0520687e-08 2.2950564e-18 3.5258027e-27 3.4582268e-27
1.1068485e-08 2.2950564e-18 3.7093865e-27 3.6382921e-27
1.1644806e-08 2.2950564e-18 3.9025294e-27 3.8277331e-27
1.2251136e-08 2.2950564e-18 4.1057289e-27 4.0270381e-27
1.2889036e-08 2.2950564e-18 4.3195087e-27 4.2367206e-27
1.3560151e-08 2.2950564e-18 4.5444198e-27 4.4573211e-27
1.426621e-08 2.2950564e-18 4.7810417e-27 4.6894078e-27
1.5009033e-08 2.2950564e-18 5.0299842e-27 4.9335791e-27
1.5790533e-08 2.2950564e-18 5.2918888e-27 5.190464e-27
1.6612725e-08 2.2950564e-18 5.5674304e-27 5.4607245e-27
1.7477728e-08 2.2950564e-18 5.8573191e-27 5.7450572e-27
1.838777e-08 2.2950564e-18 6.1623019e-27 6.0441947e-27
1.9345197e-08 2.2950564e-18 6.4831648e-27 6.3589079e-27
2.0352475e-08 2.2950564e-18 6.8207346e-27 6.6900078e-27
2.1412202e-08 2.2950564e-18 7.1758811e-27 7.0383476e-27
2.2527106e-08 2.2950564e-18 7.5495197e-27 7.404825e-27
2.3700063e-08 2.2950564e-18 7.9426132e-27 7.7903844e-27
2.4934094e-08 2.2950564e-18 8.3561745e-27 8.1960194e-27
2.6232379e-08 2.2950564e-18 8.7912694e-27 8.6227752e-27
2.7598264e-08 2.2950564e-18 9.2490191e-27 9.0717516e-27
2.9035269e-08 2.2950564e-18 9.7306033e-27 9.5441057e-27
3.0547097e-08 2.2950564e-18 1.0237263e-26 1.0041055e-26
3.2137643e-08 2.2950564e-18 1.0770304e-26 1.0563879e-26
3.3811008e-08 2.2950564e-18 1.1331099e-26 1.1113926e-26
3.5571502e-08 2.2950564e-18 1.1921094e-26 1.1692613e-26
3.7423663e-08 2.2950564e-18 1.254181e-26 1.2301432e-26
3.9372263e-08 2.2950564e-18 1.3194845e-26 1.2941952e-26
4.1422325e-08 2.2950564e-18 1.3881883e-26 1.3615822e-26
4.357913e-08 2.2950564e-18 1.4604694e-26 1.4324779e-26
4.5848238e-08 2.2950564e-18 1.5365141e-26 1.5070652e-26
4.8235494e-08 2.2950564e-18 1.6165184e-26 1.5855361e-26
5.0747052e-08 2.2950564e-18 1.7006883e-26 1.6680928e-26
5.3389384e-08 2.2950564e-18 1.7892409e-26 1.7549482e-26
5.6169298e-08 2.2950564e-18 1.8824043e-26 1.846326e-26
5.9093959e-08 2.2950564e-18 1.9804186e-26 1.9424617e-26
6.2170903e-08 2.2950564e-18 2.0835364e-26 2.0436031e-26
6.5408059e-08 2.2950564e-18 2.1920234e-26 2.1500108e-26
6.881377e-08 2.2950564e-18 2.3061591e-26 2.2619591e-26
7.2396811e-08 2.2950564e-18 2.4262377e-26 2.3797363e-26
7.6166417e-08 2.2950564e-18 2.5525687e-26 2.503646e-26
8.0132301e-08 2.2950564e-18 2.6854776e-26 2.6340075e-26
8.4304684e-08 2.2950564e-18 2.8253068e-26 2.7711567e-26
8.8694317e-08 2.2950564e-18 2.9724168e-26 2.9154472e-26
9.3312512e-08 2.2950564e-18 3.1271866e-26 3.0672507e-26
9.817117e-08 2.2950564e-18 3.290015e-26 3.2269583e-26
1.0328281e-07 2.2950564e-18 3.4613217e-26 3.3949817e-26
1.0866061e-07 2.2950564e-18 3.6415482e-26 3.5717539e-26
1.1431843e-07 2.2950564e-18 3.8311587e-26 3.7577304e-26
1.2027083e-07 2.2950564e-18 4.0306421e-26 3.9533904e-26
1.2653318e-07 2.2950564e-18 4.2405123e-26 4.1592382e-26
1.3312159e-07 2.2950564e-18 4.4613101e-26 4.3758042e-26
1.4005305e-07 2.2950564e-18 4.6936046e-26 4.6036466e-26
1.4734543e-07 2.2950564e-18 4.9379943e-26 4.8433523e-26
1.5501751e-07 2.2950564e-18 5.1951091e-26 5.0955392e-26
1.6308907e-07 2.2950564e-18 5.4656116e-26 5.3608572e-26
1.715809e-07 2.2950564e-18 5.7501987e-26 5.6399899e-26
1.8051489e-07 2.2950564e-18 6.0496039e-26 5.9336567e-26
1.8991406e-07 2.2950564e-18 6.3645987e-26 6.2426143e-26
1.9980263e-07 2.2950564e-18 6.6959949e-26 6.5676589e-26
2.1020609e-07 2.2950564e-18 7.0446465e-26 6.9096282e-26
2.2115124e-07 2.2950564e-18 7.4114519e-26 7.2694033e-26
2.3266629e-07 2.2950564e-18 7.7973563e-26 7.6479115e-26
2.4478092e-07 2.2950564e-18 8.2033543e-26 8.0461281e-26
2.5752633e-07 2.2950564e-18 8.6304921e-26 8.4650793e-26
2.7093539e-07 2.2950564e-18 9.0798703e-26 8.9058447e-26
2.8504263e-07 2.2950564e-18 9.5526471e-26 9.3695602e-26
2.9988442e-07 2.2950564e-18 1.0050041e-25 9.8574208e-26
3.1549901e-07 2.2950564e-18 1.0573333e-25 1.0370684e-25
3.3192662e-07 2.2950564e-18 1.1123872e-25 1.0910671e-25
3.492096e-07 2.2950564e-18 1.1703078e-25 1.1478775e-25
3.6739248e-07 2.2950564e-18 1.2312441e-25 1.207646e-25
3.8652212e-07 2.2950564e-18 1.2953534e-25 1.2705265e-25
4.0664781e-07 2.2950564e-18 1.3628007e-25 1.3366812e-25
4.2782142e-07 2.2950564e-18 1.4337599e-25 1.4062804e-25
4.5009751e-07 2.2950564e-18 1.5084139e-25 1.4795035e-25
4.7353349e-07 2.2950564e-18 1.586955e-25 1.5565393e-25
4.9818975e-07 2.2950564e-18 1.6695857e-25 1.6375862e-25
5.2412983e-07 2.2950564e-18 1.7565188e-25 1.7228532e-25
5.5142057e-07 2.2950564e-18 1.8479784e-25 1.8125598e-25
5.8013231e-07 2.2950564e-18 1.9442001e-25 1.9069374e-25
6.1033903e-07 2.2950564e-18 2.045432e-25 2.0062291e-25
6.4211857e-07 2.2950564e-18 2.151935e-25 2.1106908e-25
6.7555283e-07 2.2950564e-18 2.2639834e-25 2.2205917e-25
7.1072797e-07 2.2950564e-18 2.381866e-25 2.3362149e-25
7.4773463e-07 2.2950564e-18 2.5058866e-25 2.4578585e-25
7.8666818e-07 2.2950564e-18 2.6363648e-25 2.585836e-25
8.2762895e-07 2.2950564e-18 2.7736368e-25 2.720477e-25
8.7072248e-07 2.2950564e-18 2.9180563e-25 2.8621286e-25
9.1605985e-07 2.2950564e-18 3.0699957e-25 3.0111559e-25
9.6375787e-07 2.2950564e-18 3.2298463e-25 3.1679427e-25
1.0139395e-06 2.2950564e-18 3.3980201e-25 3.3328933e-25
1.0667339e-06 2.2950564e-18 3.5749504e-25 3.5064326e-25
1.1222774e-06 2.2950564e-18 3.7610934e-25 3.6890079e-25
1.1807128e-06 2.2950564e-18 3.9569285e-25 3.8810897e-25
1.242191e-06 2.2950564e-18 4.1629605e-25 4.0831728e-25
1.3068702e-06 2.2950564e-18 4.3797203e-25 4.2957782e-25
1.3749172e-06 2.2950564e-18 4.6077665e-25 4.5194537e-25
1.4465073e-06 2.2950564e-18 4.8476868e-25 4.7547756e-25
1.5218251e-06 2.2950564e-18 5.1000994e-25 5.0023505e-25
1.6010645e-06 2.2950564e-18 5.3656548e-25 5.2628162e-25
1.6844298e-06 2.2950564e-18 5.6450374e-25 5.5368441e-25
1.7721358e-06 2.2950564e-18 5.9389669e-25 5.8251402e-25
1.8644085e-06 2.2950564e-18 6.2482011e-25 6.1284475e-25
1.9614858e-06 2.2950564e-18 6.5735366e-25 6.4475476e-25
2.0636178e-06 2.2950564e-18 6.9158119e-25 6.7832629e-25
2.1710676e-06 2.2950564e-18 7.275909e-25 7.1364583e-25
2.2841122e-06 2.2950564e-18 7.654756e-25 7.5080442e-25
2.4030429e-06 2.2950564e-18 8.0533289e-25 7.8989781e-25
2.5281661e-06 2.2950564e-18 8.4726551e-25 8.3102674e-25
2.6598044e-06 2.2950564e-18 8.9138149e-25 8.742972e-25
2.7982969e-06 2.2950564e-18 9.3779454e-25 9.1982069e-25
2.9440005e-06 2.2950564e-18 9.8662426e-25 9.6771453e-25
3.0972907e-06 2.2950564e-18 1.0379965e-24 1.0181021e-24
3.2585625e-06 2.2950564e-18 1.0920436e-24 1.0711134e-24
3.4282315e-06 2.2950564e-18 1.1489048e-24 1.1268848e-24
3.606735e-06 2.2950564e-18 1.2087268e-24 1.1855602e-24
3.7945328e-06 2.2950564e-18 1.2716636e-24 1.2472908e-24
3.9921091e-06 2.2950564e-18 1.3378774e-24 1.3122355e-24
4.1999729e-06 2.2950564e-18 1.4075389e-24 1.3805619e-24
4.41866e-06 2.2950564e-18 1.4808276e-24 1.4524459e-24
4.6487337e-06 2.2950564e-18 1.5579323e-24 1.5280728e-24
4.8907871e-06 2.2950564e-18 1.6390518e-24 1.6076376e-24
5.1454439e-06 2.2950564e-18 1.724395e-24 1.6913451e-24
5.4133603e-06 2.2950564e-18 1.814182e-24 1.7794112e-24
5.6952268e-06 2.2950564e-18 1.908644e-24 1.8720628e-24
5.9917697e-06 2.2950564e-18 2.0080246e-24 1.9695386e-24
6.3037532e-06 2.2950564e-18 2.1125798e-24 2.0720899e-24
6.6319812e-06 2.2950564e-18 2.222579e-24 2.1799808e-24
6.9772996e-06 2.2950564e-18 2.3383057e-24 2.2934895e-24
7.3405984e-06 2.2950564e-18 2.4600582e-24 2.4129085e-24
7.7228136e-06 2.2950564e-18 2.5881501e-24 2.5385454e-24
8.1249302e-06 2.2950564e-18 2.7229117e-24 2.6707241e-24
8.5479845e-06 2.2950564e-18 2.8646901e-24 2.8097852e-24
8.9930667e-06 2.2950564e-18 3.0138507e-24 2.9560869e-24
9.4613238e-06 2.2950564e-18 3.1707779e-24 3.1100065e-24
9.9539623e-06 2.2950564e-18 3.3358761e-24 3.2719404e-24
1.0472252e-05 2.2950564e-18 3.5095707e-24 3.442306e-24
1.1017528e-05 2.2950564e-18 3.6923094e-24 3.6215423e-24
1.1591196e-05 2.2950564e-18 3.884563e-24 3.8101111e-24
1.2194734e-05 2.2950564e-18 4.086827e-24 4.0084986e-24
1.2829698e-05 2.2950564e-18 4.2996227e-24 4.2172158e-24
1.3497723e-05 2.2950564e-18 4.5234983e-24 4.4368006e-24
1.4200532e-05 2.2950564e-18 4.7590309e-24 4.6678189e-24
1.4939935e-05 2.2950564e-18 5.0068273e-24 4.910866e-24
1.5717837e-05 2.2950564e-18 5.2675261e-24 5.1665683e-24
1.6536244e-05 2.2950564e-18 5.5417992e-24 5.4355846e-24
1.7397264e-05 2.2950564e-18 5.8303534e-24 5.7186083e-24
1.8303117e-05 2.2950564e-18 6.1339321e-24 6.0163686e-24
1.9256136e-05 2.2950564e-18 6.4533178e-24 6.3296329e-24
2.0258777e-05 2.2950564e-18 6.7893335e-24 6.6592085e-24
2.1313625e-05 2.2950564e-18 7.142845e-24 7.0059447e-24
2.2423397e-05 2.2950564e-18 7.5147635e-24 7.3707349e-24
2.3590953e-05 2.2950564e-18 7.9060472e-24 7.7545193e-24
2.4819303e-05 2.2950564e-18 8.3177046e-24 8.1582868e-24
2.6111611e-05 2.2950564e-18 8.7507964e-24 8.5830779e-24
2.7471208e-05 2.2950564e-18 9.2064388e-24 9.0299874e-24
2.8901597e-05 2.2950564e-18 9.6858058e-24 9.5001668e-24
3.0406465e-05 2.2950564e-18 1.0190133e-23 9.9948279e-24
3.1989689e-05 2.2950564e-18 1.072072e-23 1.0515245e-23
3.365535e-05 2.2950564e-18 1.1278933e-23 1.106276e-23
3.5407739e-05 2.2950564e-18 1.1866212e-23 1.1638783e-23
3.7251373e-05 2.2950564e-18 1.248407e-23 1.2244799e-23
3.9191002e-05 2.2950564e-18 1.3134099e-23 1.288237e-23
4.1231626e-05 2.2950564e-18 1.3817974e-23 1.3553138e-23
4.3378502e-05 2.2950564e-18 1.4537458e-23 1.4258832e-23
4.5637163e-05 2.2950564e-18 1.5294404e-23 1.500127e-23
4.8013429e-05 2.2950564e-18 1.6090763e-23 1.5782366e-23
5.0513425e-05 2.2950564e-18 1.6928588e-23 1.6604133e-23
5.3143592e-05 2.2950564e-18 1.7810037e-23 1.7468688e-23
5.5910708e-05 2.2950564e-18 1.8737382e-23 1.8378259e-23
5.8821904e-05 2.2950564e-18 1.9713012e-23 1.9335191e-23
6.1884682e-05 2.2950564e-18 2.0739443e-23 2.0341949e-23
6.5106936e-05 2.2950564e-18 2.1819318e-23 2.1401127e-23
6.8496967e-05 2.2950564e-18 2.2955421e-23 2.2515455e-23
7.2063513e-05 2.2950564e-18 2.4150679e-23 2.3687805e-23
7.5815765e-05 2.2950564e-18 2.5408173e-23 2.4921197e-23
7.9763391e-05 2.2950564e-18 2.6731143e-23 2.6218811e-23
8.3916564e-05 2.2950564e-18 2.8122998e-23 2.758399e-23
8.8285988e-05 2.2950564e-18 2.9587325e-23 2.9020251e-23
9.2882923e-05 2.2950564e-18 3.1127897e-23 3.0531297e-23
9.7719213e-05 2.2950564e-18 3.2748686e-23 3.2121021e-23
0.00010280732 2.2950564e-18 3.4453866e-23 3.379352e-23
0.00010816036 2.2950564e-18 3.6247833e-23 3.5553104e-23
0.00011379213 2.2950564e-18 3.813521e-23 3.7404307e-23
0.00011971713 2.2950564e-18 4.0120859e-23 3.93519e-23
0.00012595065 2.2950564e-18 4.2209899e-23 4.1400901e-23
0.00013250873 2.2950564e-18 4.4407713e-23 4.355659e-23
0.00013940828 2.2950564e-18 4.6719963e-23 4.5824524e-23
0.00014666709 2.2950564e-18 4.915261e-23 4.8210546e-23
0.00015430385 2.2950564e-18 5.1711921e-23 5.0720805e-23
0.00016233824 2.2950564e-18 5.4404492e-23 5.336177e-23
0.00017079098 2.2950564e-18 5.7237261e-23 5.6140247e-23
0.00017968384 2.2950564e-18 6.0217529e-23 5.9063395e-23
0.00018903974 2.2950564e-18 6.3352976e-23 6.2138747e-23
0.00019888279 2.2950564e-18 6.6651681e-23 6.5374229e-23
0.00020923835 2.2950564e-18 7.0122146e-23 6.8778179e-23
0.00022013311 2.2950564e-18 7.3773313e-23 7.2359367e-23
0.00023159515 2.2950564e-18 7.7614591e-23 7.6127023e-23
0.000243654 2.2950564e-18 8.165588e-23 8.0090856e-23
0.00025634074 2.2950564e-18 8.5907593e-23 8.426108e-23
0.00026968806 2.2950564e-18 9.0380687e-23 8.8648443e-23
0.00028373036 2.2950564e-18 9.5086689e-23 9.3264249e-23
0.00029850382 2.2950564e-18 1.0003773e-22 9.8120395e-23
0.00031404652 2.2950564e-18 1.0524656e-22 1.0322939e-22
0.00033039851 2.2950564e-18 1.1072661e-22 1.0860441e-22
0.00034760192 2.2950564e-18 1.1649199e-22 1.142593e-22
0.00036570109 2.2950564e-18 1.2255758e-22 1.2020863e-22
0.00038474266 2.2950564e-18 1.2893899e-22 1.2646773e-22
0.0004047757 2.2950564e-18 1.3565267e-22 1.3305274e-22
0.00042585183 2.2950564e-18 1.4271592e-22 1.3998062e-22
0.00044802537 2.2950564e-18 1.5014695e-22 1.4726922e-22
0.00047135345 2.2950564e-18 1.579649e-22 1.5493733e-22
0.0004958962 2.2950564e-18 1.6618993e-22 1.6300472e-22
0.00052171686 2.2950564e-18 1.7484321e-22 1.7149215e-22
0.00054888196 2.2950564e-18 1.8394707e-22 1.8042152e-22
0.00057746152 2.2950564e-18 1.9352495e-22 1.8981583e-22
0.00060752917 2.2950564e-18 2.0360153e-22 1.9969929e-22
0.00063916241 2.2950564e-18 2.142028e-22 2.1009737e-22
0.00067244274 2.2950564e-18 2.2535605e-22 2.2103686e-22
0.00070745594 2.2950564e-18 2.3709004e-22 2.3254595e-22
0.00074429223 2.2950564e-18 2.49435e-22 2.4465431e-22
0.00078304654 2.2950564e-18 2.6242275e-22 2.5739314e-22
0.00082381873 2.2950564e-18 2.7608676e-22 2.7079526e-22
0.00086671388 2.2950564e-18 2.9046223e-22 2.848952e-22
0.00091184252 2.2950564e-18 3.0558621e-22 2.9972932e-22
0.00095932095 2.2950564e-18 3.2149768e-22 3.1533583e-22
0.0010092715 2.2950564e-18 3.3823763e-22 3.3175494e-22
0.0010618229 2.2950564e-18 3.5584921e-22 3.4902898e-22
0.0011171107 2.2950564e-18 3.7437781e-22 3.6720246e-22
0.0011752771 2.2950564e-18 3.9387116e-22 3.863222e-22
0.0012364722 2.2950564e-18 4.1437951e-22 4.0643749e-22
0.0013008537 2.2950564e-18 4.359557e-22 4.2760015e-22
0.0013685874 2.2950564e-18 4.5865533e-22 4.4986472e-22
0.001439848 2.2950564e-18 4.8253691e-22 4.7328858e-22
0.0015148189 2.2950564e-18 5.0766196e-22 4.9793208e-22
0.0015936935 2.2950564e-18 5.3409524e-22 5.2385874e-22
0.001676675 2.2950564e-18 5.6190487e-22 5.5113537e-22
0.0017639773 2.2950564e-18 5.9116251e-22 5.7983226e-22
0.0018558252 2.2950564e-18 6.2194355e-22 6.1002335e-22
0.0019524556 2.2950564e-18 6.5432732e-22 6.4178646e-22
0.0020541173 2.2950564e-18 6.8839727e-22 6.7520343e-22
0.0021610725 2.2950564e-18 7.242412e-22 7.1036037e-22
0.0022735967 2.2950564e-18 7.6195147e-22 7.4734789e-22
0.0023919798 2.2950564e-18 8.0162526e-22 7.8626131e-22
0.0025165271 2.2950564e-18 8.4336482e-22 8.2720089e-22
0.0026475593 2.2950564e-18 8.872777e-22 8.7027214e-22
0.0027854142 2.2950564e-18 9.3347706e-22 9.1558605e-22
0.002930447 2.2950564e-18 9.8208196e-22 9.632594e-22
0.0030830315 2.2950564e-18 1.0332176e-21 1.013415e-21
0.0032435608 2.2950564e-18 1.0870159e-21 1.0661822e-21
0.0034124487 2.2950564e-18 1.1436154e-21 1.1216969e-21
0.0035901304 2.2950564e-18 1.2031619e-21 1.1801022e-21
0.0037770637 2.2950564e-18 1.2658089e-21 1.2415485e-21
0.0039737304 2.2950564e-18 1.3317178e-21 1.3061943e-21
0.0041806372 2.2950564e-18 1.4010586e-21 1.3742061e-21
0.0043983175 2.2950564e-18 1.4740098e-21 1.4457592e-21
0.004627332 2.2950564e-18 1.5507595e-21 1.5210379e-21
0.004868271 2.2950564e-18 1.6315054e-21 1.6002364e-21
0.0051217554 2.2950564e-18 1.7164557e-21 1.6835586e-21
0.0053884384 2.2950564e-18 1.8058292e-21 1.7712192e-21
0.0056690073 2.2950564e-18 1.8998563e-21 1.8634442e-21
0.0059641849 2.2950564e-18 1.9987792e-21 1.9604713e-21
0.0062747321 2.2950564e-18 2.1028528e-21 2.0625504e-21
0.0066014491 2.2950564e-18 2.2123454e-21 2.1699447e-21
0.0069451778 2.2950564e-18 2.3275392e-21 2.2829308e-21
0.007306804 2.2950564e-18 2.4487309e-21 2.4018e-21
0.0076872595 2.2950564e-18 2.5762329e-21 2.5268585e-21
0.0080875249 2.2950564e-18 2.7103737e-21 2.6584287e-21
0.0085086316 2.2950564e-18 2.8514989e-21 2.7968496e-21
0.0089516647 2.2950564e-18 2.9999724e-21 2.9424778e-21
0.009417766 2.2950564e-18 3.1561766e-21 3.0956887e-21
0.0099081366 2.2950564e-18 3.3205141e-21 3.2568771e-21
0.01042404 2.2950564e-18 3.4934084e-21 3.4264584e-21
0.010966806 2.2950564e-18 3.675305e-21 3.6048695e-21
0.011537833 2.2950564e-18 3.8666725e-21 3.7925703e-21
0.012138593 2.2950564e-18 4.0680043e-21 3.9900444e-21
0.012770633 2.2950564e-18 4.2798189e-21 4.1978007e-21
0.013435583 2.2950564e-18 4.5026624e-21 4.4163746e-21
0.014135156 2.2950564e-18 4.7371088e-21 4.6463293e-21
0.014871155 2.2950564e-18 4.9837624e-21 4.8882575e-21
0.015645476 2.2950564e-18 5.2432586e-21 5.1427826e-21
0.016460115 2.2950564e-18 5.5162662e-21 5.4105605e-21
0.017317171 2.2950564e-18 5.8034886e-21 5.6922811e-21
0.018218853 2.2950564e-18 6.1056659e-21 5.9886707e-21
0.019167485 2.2950564e-18 6.4235768e-21 6.3004928e-21
0.02016551 2.2950564e-18 6.7580404e-21 6.6285511e-21
0.021215502 2.2950564e-18 7.1099185e-21 6.9736909e-21
0.022320165 2.2950564e-18 7.4801177e-21 7.3368017e-21
0.023482346 2.2950564e-18 7.8695919e-21 7.7188192e-21
0.024705041 2.2950564e-18 8.2793446e-21 8.1207279e-21
0.025991399 2.2950564e-18 8.7104315e-21 8.5435634e-21
0.027344737 2.2950564e-18 9.1639633e-21 8.9884154e-21
0.028768541 2.2950564e-18 9.6411085e-21 9.4564302e-21
0.030266481 2.2950564e-18 1.0143096e-20 9.948814e-21
0.031842416 2.2950564e-18 1.067122e-20 1.0466836e-20
0.033500408 2.2950564e-18 1.122684e-20 1.101183e-20
0.03524473 2.2950564e-18 1.1811388e-20 1.1585201e-20
0.037079876 2.2950564e-18 1.2426369e-20 1.2188427e-20
0.039010576 2.2950564e-18 1.3073368e-20 1.2823062e-20
0.041041805 2.2950564e-18 1.3754051e-20 1.3490742e-20
0.043178797 2.2950564e-18 1.4470172e-20 1.4193187e-20
0.04542706 2.2950564e-18 1.5223574e-20 1.4932208e-20
0.047792386 2.2950564e-18 1.6016198e-20 1.5709708e-20
0.050280873 2.2950564e-18 1.6850086e-20 1.6527691e-20
0.052898931 2.2950564e-18 1.7727384e-20 1.7388266e-20
0.055653308 2.2950564e-18 1.8650351e-20 1.829365e-20
0.058551102 2.2950564e-18 1.9621363e-20 1.9246176e-20
0.06159978 2.2950564e-18 2.0642921e-20 2.0248299e-20
0.064807198 2.2950564e-18 2.1717654e-20 2.1302601e-20
0.068181623 2.2950564e-18 2.2848326e-20 2.2411799e-20
0.071731749 2.2950564e-18 2.403785e-20 2.3578752e-20
0.075466726 2.2950564e-18 2.5289284e-20 2.4806466e-20
0.079396178 2.2950564e-18 2.6605848e-20 2.6098106e-20
0.083530232 2.2950564e-18 2.7990928e-20 2.7456999e-20
0.08787954 2.2950564e-18 2.9448087e-20 2.8886649e-20
0.092455311 2.2950564e-18 3.0981069e-20 3.0390738e-20
0.097269336 2.2950564e-18 3.2593817e-20 3.1973144e-20
0.10233402 2.2950564e-18 3.4290472e-20 3.3637943e-20
0.10766242 2.2950564e-18 3.6075395e-20 3.5389426e-20
0.11326826 2.2950564e-18 3.7953168e-20 3.7232106e-20
0.11916598 2.2950564e-18 3.9928611e-20 3.9170732e-20
0.1253708 2.2950564e-18 4.2006793e-20 4.12103e-20
0.13189869 2.2950564e-18 4.4193044e-20 4.3356066e-20
0.13876648 2.2950564e-18 4.6492969e-20 4.5613559e-20
0.14599187 2.2950564e-18 4.8912458e-20 4.7988596e-20
0.15359347 2.2950564e-18 5.1457707e-20 5.0487299e-20
0.16159088 2.2950564e-18 5.4135227e-20 5.3116105e-20
0.1700047 2.2950564e-18 5.6951865e-20 5.588179e-20
0.17885662 2.2950564e-18 5.9914814e-20 5.8791481e-20
0.18816944 2.2950564e-18 6.3031636e-20 6.1852675e-20
0.19796718 2.2950564e-18 6.6310276e-20 6.5073261e-20
0.20827506 2.2950564e-18 6.9759083e-20 6.846154e-20
0.21911967 2.2950564e-18 7.3386827e-20 7.2026241e-20
0.23052894 2.2950564e-18 7.7202722e-20 7.5776552e-20
0.24253227 2.2950564e-18 8.121644e-20 7.9722136e-20
0.25516061 2.2950564e-18 8.5438143e-20 8.3873162e-20
0.26844648 2.2950564e-18 8.9878493e-20 8.8240326e-20
0.28242413 2.2950564e-18 9.4548685e-20 9.2834882e-20
0.29712958 2.2950564e-18 9.9460462e-20 9.7668671e-20
0.31260072 2.2950564e-18 1.0462614e-19 1.0275415e-19
0.32887743 2.2950564e-18 1.1005865e-19 1.0810442e-19
0.34600164 2.2950564e-18 1.1577152e-19 1.1373327e-19
0.36401748 2.2950564e-18 1.2177894e-19 1.1965522e-19
0.38297139 2.2950564e-18 1.2809579e-19 1.258855e-19
0.4029122 2.2950564e-18 1.347376e-19 1.3244019e-19
0.42389131 2.2950564e-18 1.4172068e-19 1.3933618e-19
0.44596276 2.2950564e-18 1.4906203e-19 1.4659123e-19
0.46918345 2.2950564e-18 1.5677944e-19 1.5422404e-19
0.49361321 2.2950564e-18 1.648915e-19 1.6225428e-19
0.51931499 2.2950564e-18 1.7341758e-19 1.7070264e-19
0.54635504 2.2950564e-18 1.8237787e-19 1.795909e-19
0.57480302 2.2950564e-18 1.9179342e-19 1.8894196e-19
0.60473224 2.2950564e-18 2.016861e-19 1.9877992e-19
0.63621985 2.2950564e-18 2.1207863e-19 2.0913013e-19
0.66934697 2.2950564e-18 2.2299458e-19 2.2001926e-19
0.70419898 2.2950564e-18 2.3445835e-19 2.3147537e-19
0.74086568 2.2950564e-18 2.4649518e-19 2.4352798e-19
0.77944158 2.2950564e-18 2.5913107e-19 2.5620816e-19
0.82002606 2.2950564e-18 2.7239282e-19 2.6954858e-19
0.86272373 2.2950564e-18 2.8630789e-19 2.8358361e-19
0.90764461 2.2950564e-18 3.009044e-19 2.9834943e-19
0.95490446 2.2950564e-18 3.1621104e-19 3.1388409e-19
1.0046251 2.2950564e-18 3.3225693e-19 3.3022762e-19
1.0569346 2.2950564e-18 3.4907152e-19 3.4742213e-19
1.1119677 2.2950564e-18 3.6668444e-19 3.6551194e-19
1.1698664 2.2950564e-18 3.851253e-19 3.8454366e-19
1.2307798 2.2950564e-18 4.044235e-19 4.0456634e-19
1.2948649 2.2950564e-18 4.2460798e-19 4.2563157e-19
1.3622868 2.2950564e-18 4.4570692e-19 4.4779364e-19
1.4332192 2.2950564e-18 4.6774741e-19 4.7110966e-19
1.507845 2.2950564e-18 4.907551e-19 4.9563972e-19
1.5863565 2.2950564e-18 5.147538e-19 5.2144702e-19
1.668956 2.2950564e-18 5.3976496e-19 5.4859807e-19
1.7558563 2.2950564e-18 5.6580724e-19 5.7716285e-19
1.8472814 2.2950564e-18 5.9289587e-19 6.0721495e-19
1.9434669 2.2950564e-18 6.2104215e-19 6.3883182e-19
2.0446607 2.2950564e-18 6.5025274e-19 6.7209495e-19
2.1511234 2.2950564e-18 6.8052907e-19 7.0709004e-19
2.2631296 2.2950564e-18 7.1186661e-19 7.4390728e-19
2.3809677 2.2950564e-18 7.4425423e-19 7.8264154e-19
2.5049415 2.2950564e-18 7.7767351e-19 8.2339264e-19
2.6353705 2.2950564e-18 8.1209817e-19 8.6626561e-19
2.7725908 2.2950564e-18 8.4749344e-19 9.113709e-19
2.9169559 2.2950564e-18 8.8381562e-19 9.5882478e-19
3.0688379 2.2950564e-18 9.2101174e-19 1.0087495e-18
3.2286282 2.2950564e-18 9.5901931e-19 1.0612738e-18
3.3967386 2.2950564e-18 9.9776633e-19 1.1165329e-18
3.5736022 2.2950564e-18 1.0371714e-18 1.1746693e-18
3.759675 2.2950564e-18 1.0771442e-18 1.2358327e-18
3.9554362 2.2950564e-18 1.1175861e-18 1.3001809e-18
4.1613906 2.2950564e-18 1.1583908e-18 1.3678796e-18
4.3780686 2.2950564e-18 1.1994459e-18 1.4391032e-18
4.6060288 2.2950564e-18 1.2406337e-18 1.5140354e-18
4.8458586 2.2950564e-18 1.2818331e-18 1.5928693e-18
5.0981761 2.2950564e-18 1.3229209e-18 1.6758078e-18
5.3636313 2.2950564e-18 1.3637739e-18 1.7630649e-18
5.6429085 2.2950564e-18 1.4042705e-18 1.8548654e-18
5.9367272 2.2950564e-18 1.444292e-18 1.9514457e-18
6.2458447 2.2950564e-18 1.4837252e-18 2.0530549e-18
6.5710575 2.2950564e-18 1.5224629e-18 2.1599548e-18
6.9132038 2.2950564e-18 1.5604059e-18 2.2724208e-18
7.2731651 2.2950564e-18 1.5974634e-18 2.3907427e-18
7.6518692 2.2950564e-18 1.6335548e-18 2.5152255e-18
8.0502918 2.2950564e-18 1.6686091e-18 2.6461899e-18
8.4694598 2.2950564e-18 1.7025661e-18 2.7839735e-18
8.9104533 2.2950564e-18 1.7353762e-18 2.9289313e-18
9.3744088 2.2950564e-18 1.7670001e-18 3.0814369e-18
9.8625218 2.2950564e-18 1.7974087e-18 3.2418832e-18
10.37605 2.2950564e-18 1.8265823e-18 3.4106837e-18
10.916317 2.2950564e-18 1.8545107e-18 3.5882735e-18
11.484715 2.2950564e-18 1.8811915e-18 3.7751102e-18
12.082709 2.2950564e-18 1.9066304e-18 3.9716751e-18
12.71184 2.2950564e-18 1.9308398e-18 4.178475e-18
13.373729 2.2950564e-18 1.953838e-18 4.3960426e-18
14.070081 2.2950564e-18 1.9756488e-18 4.6249387e-18
14.802691 2.2950564e-18 1.9963004e-18 4.8657531e-18
15.573448 2.2950564e-18 2.0158249e-18 5.1191064e-18
16.384336 2.2950564e-18 2.0342575e-18 5.3856515e-18
17.237447 2.2950564e-18 2.0516357e-18 5.6660752e-18
18.134978 2.2950564e-18 2.0679992e-18 5.9611002e-18
19.079242 2.2950564e-18 2.0833888e-18 6.2714868e-18
20.072673 2.2950564e-18 2.0978462e-18 6.5980347e-18
21.11783 2.2950564e-18 2.1114136e-18 6.9415856e-18
22.217408 2.2950564e-18 2.1241331e-18 7.3030248e-18
23.374239 2.2950564e-18 2.1360467e-18 7.6832836e-18
24.591304 2.2950564e-18 2.1471957e-18 8.0833419e-18
25.871741 2.2950564e-18 2.1576206e-18 8.5042308e-18
27.218848 2.2950564e-18 2.1673611e-18 8.9470348e-18
28.636097 2.2950564e-18 2.1764555e-18 9.412895e-18
30.127141 2.2950564e-18 2.1849411e-18 9.903012e-18
31.695821 2.2950564e-18 2.1928536e-18 1.0418649e-17
33.34618 2.2950564e-18 2.2002273e-18 1.0961134e-17
35.082471 2.2950564e-18 2.2070953e-18 1.1531865e-17
36.909169 2.2950564e-18 2.2134888e-18 1.2132314e-17
38.83098 2.2950564e-18 2.2194379e-18 1.2764028e-17
40.852858 2.2950564e-18 2.2249708e-18 1.3428634e-17
42.980012 2.2950564e-18 2.2301145e-18 1.4127845e-17
45.217924 2.2950564e-18 2.2348945e-18 1.4863463e-17
47.572361 2.2950564e-18 2.2393348e-18 1.5637384e-17
50.049391 2.2950564e-18 2.2434582e-18 1.6451602e-17
52.655396 2.2950564e-18 2.247286e-18 1.7308215e-17
55.397093 2.2950564e-18 2.2508382e-18 1.820943e-17
58.281546 2.2950564e-18 2.2541338e-18 1.9157571e-17
61.316188 2.2950564e-18 2.2571905e-18 2.0155081e-17
64.508841 2.2950564e-18 2.2600248e-18 2.1204529e-17
67.867731 2.2950564e-18 2.2626523e-18 2.230862e-17
71.401513 2.2950564e-18 2.2650874e-18 2.3470201e-17
75.119295 2.2950564e-18 2.2673439e-18 2.4692263e-17
79.030657 2.2950564e-18 2.2694342e-18 2.5977956e-17
83.145678 2.2950564e-18 2.2713704e-18 2.7330594e-17
87.474963 2.2950564e-18 2.2731633e-18 2.8753661e-17
92.029668 2.2950564e-18 2.2748234e-18 3.0250826e-17
96.821531 2.2950564e-18 2.2763602e-18 3.1825947e-17
101.8629 2.2950564e-18 2.2777825e-18 3.3483082e-17
107.16676 2.2950564e-18 2.2790988e-18 3.5226501e-17
112.7468 2.2950564e-18 2.2803167e-18 3.7060698e-17
118.61737 2.2950564e-18 2.2814434e-18 3.8990399e-17
124.79362 2.2950564e-18 2.2824856e-18 4.1020578e-17
131.29146 2.2950564e-18 2.2834495e-18 4.3156465e-17
138.12763 2.2950564e-18 2.2843408e-18 4.5403564e-17
145.31975 2.2950564e-18 2.285165e-18 4.7767668e-17
152.88636 2.2950564e-18 2.2859269e-18 5.0254867e-17
160.84695 2.2950564e-18 2.2866312e-18 5.2871571e-17
169.22204 2.2950564e-18 2.2872821e-18 5.5624523e-17
178.0332 2.2950564e-18 2.2878837e-18 5.8520818e-17
187.30315 2.2950564e-18 2.2884396e-18 6.1567919e-17
197.05578 2.2950564e-18 2.2889531e-18 6.4773679e-17
207.31621 2.2950564e-18 2.2894275e-18 6.8146359e-17
218.11089 2.2950564e-18 2.2898658e-18 7.1694649e-17
229.46764 2.2950564e-18 2.2902705e-18 7.5427694e-17
241.41571 2.2950564e-18 2.2906442e-18 7.9355114e-17
253.98591 2.2950564e-18 2.2909893e-18 8.3487029e-17
267.21062 2.2950564e-18 2.291308e-18 8.7834088e-17
281.12392 2.2950564e-18 2.2916021e-18 9.2407492e-17
295.76167 2.2950564e-18 2.2918736e-18 9.7219027e-17
311.16158 2.2950564e-18 2.2921241e-18 1.0228109e-16
327.36335 2.2950564e-18 2.2923553e-18 1.0760673e-16
344.40873 2.2950564e-18 2.2925687e-18 1.1320967e-16
362.34163 2.2950564e-18 2.2927655e-18 1.1910435e-16
381.20828 2.2950564e-18 2.292947e-18 1.2530596e-16
401.05729 2.2950564e-18 2.2931145e-18 1.3183047e-16
421.93981 2.2950564e-18 2.2932689e-18 1.3869471e-16
443.90965 2.2950564e-18 2.2934113e-18 1.4591636e-16
467.02344 2.2950564e-18 2.2935426e-18 1.5351403e-16
491.34073 2.2950564e-18 2.2936636e-18 1.615073e-16
516.92419 2.2950564e-18 2.2937752e-18 1.6991677e-16
543.83974 2.2950564e-18 2.293878e-18 1.7876411e-16
572.15676 2.2950564e-18 2.2939727e-18 1.8807212e-16
601.9482 2.2950564e-18 2.29406e-18 1.9786478e-16
633.29084 2.2950564e-18 2.2941404e-18 2.0816734e-16
666.26545 2.2950564e-18 2.2942144e-18 2.1900634e-16
700.95701 2.2950564e-18 2.2942827e-18 2.3040971e-16
737.45491 2.2950564e-18 2.2943455e-18 2.4240683e-16
775.85321 2.2950564e-18 2.2944033e-18 2.5502864e-16
816.25085 2.2950564e-18 2.2944565e-18 2.6830764e-16
858.75195 2.2950564e-18 2.2945055e-18 2.8227806e-16
903.46602 2.2950564e-18 2.2945506e-18 2.969759e-16
950.5083 2.2950564e-18 2.294592e-18 3.1243904e-16
1000 2.2950564e-18 2.2946302e-18 3.2870733e-16
