# arrays of finj_ct 
6.989e+04
6.083e+04
5.294e+04
4.608e+04
4.011e+04
3.491e+04
3.038e+04
2.644e+04
2.301e+04
2.003e+04
1.743e+04
1.517e+04
1.321e+04
1.149e+04
1.000e+04
8.708e+03
7.579e+03
6.596e+03
5.741e+03
4.997e+03
4.349e+03
3.785e+03
3.294e+03
2.867e+03
2.496e+03
2.172e+03
1.891e+03
1.645e+03
1.432e+03
1.246e+03
1.085e+03
9.442e+02
8.218e+02
7.153e+02
6.225e+02
5.418e+02
4.716e+02
4.105e+02
3.572e+02
3.109e+02
2.706e+02
2.355e+02
2.050e+02
1.784e+02
1.553e+02
1.352e+02
1.176e+02
1.024e+02
8.911e+01
7.756e+01
6.751e+01
5.875e+01
5.114e+01
4.451e+01
3.874e+01
3.372e+01
2.935e+01
2.554e+01
2.223e+01
1.935e+01
1.684e+01
1.466e+01
1.276e+01
1.110e+01
9.663e+00
8.411e+00
7.320e+00
6.371e+00
5.545e+00
4.826e+00
4.201e+00
3.656e+00
3.182e+00
2.770e+00
2.411e+00
2.098e+00
1.826e+00
1.589e+00
1.383e+00
1.204e+00
1.048e+00
9.120e-01
7.938e-01
6.909e-01
6.013e-01
5.233e-01
4.555e-01
3.965e-01
3.451e-01
3.003e-01
2.614e-01
2.275e-01
1.980e-01
1.723e-01
1.500e-01
1.305e-01
1.136e-01
9.889e-02
8.607e-02
7.492e-02
6.520e-02
5.675e-02
4.939e-02
4.299e-02
3.742e-02
3.257e-02
2.834e-02
2.467e-02
2.147e-02
1.869e-02
1.627e-02
1.416e-02
1.232e-02
1.072e-02
9.334e-03
8.124e-03
7.070e-03
6.154e-03
5.356e-03
4.662e-03
4.057e-03
3.531e-03
3.074e-03
2.675e-03
2.328e-03
2.026e-03
1.764e-03
1.535e-03
1.336e-03
1.163e-03
1.012e-03
8.809e-04
7.667e-04
6.673e-04
5.808e-04
5.055e-04
4.400e-04
3.829e-04
3.333e-04
2.901e-04
2.525e-04
2.197e-04
1.913e-04
1.665e-04
1.449e-04
1.261e-04
1.097e-04
9.552e-05
8.314e-05
7.236e-05
6.298e-05
5.481e-05
4.771e-05
4.152e-05
3.614e-05
3.145e-05
2.738e-05
2.383e-05
2.074e-05
1.805e-05
1.571e-05
1.367e-05
1.190e-05
1.036e-05
9.015e-06
7.846e-06
6.829e-06
5.944e-06
5.173e-06
4.503e-06
3.919e-06
3.411e-06
2.969e-06
2.584e-06
2.249e-06
1.957e-06
1.704e-06
1.483e-06
1.290e-06
1.123e-06
9.776e-07
8.508e-07
7.405e-07
6.445e-07
5.610e-07
4.883e-07
4.250e-07
3.699e-07
3.219e-07
2.802e-07
2.439e-07
2.122e-07
1.847e-07
1.608e-07
1.399e-07
1.218e-07
1.060e-07
9.226e-08
8.030e-08
6.989e-08
