# arrays of finj_ct 
3.574e+03
3.111e+03
2.707e+03
2.356e+03
2.051e+03
1.785e+03
1.554e+03
1.352e+03
1.177e+03
1.024e+03
8.915e+02
7.760e+02
6.754e+02
5.878e+02
5.116e+02
4.453e+02
3.876e+02
3.373e+02
2.936e+02
2.555e+02
2.224e+02
1.936e+02
1.685e+02
1.466e+02
1.276e+02
1.111e+02
9.667e+01
8.414e+01
7.323e+01
6.374e+01
5.548e+01
4.828e+01
4.202e+01
3.658e+01
3.183e+01
2.771e+01
2.412e+01
2.099e+01
1.827e+01
1.590e+01
1.384e+01
1.204e+01
1.048e+01
9.124e+00
7.941e+00
6.912e+00
6.016e+00
5.236e+00
4.557e+00
3.966e+00
3.452e+00
3.005e+00
2.615e+00
2.276e+00
1.981e+00
1.724e+00
1.501e+00
1.306e+00
1.137e+00
9.894e-01
8.611e-01
7.495e-01
6.523e-01
5.678e-01
4.941e-01
4.301e-01
3.743e-01
3.258e-01
2.836e-01
2.468e-01
2.148e-01
1.870e-01
1.627e-01
1.416e-01
1.233e-01
1.073e-01
9.338e-02
8.127e-02
7.074e-02
6.157e-02
5.358e-02
4.664e-02
4.059e-02
3.533e-02
3.075e-02
2.676e-02
2.329e-02
2.027e-02
1.765e-02
1.536e-02
1.337e-02
1.163e-02
1.013e-02
8.813e-03
7.670e-03
6.676e-03
5.810e-03
5.057e-03
4.402e-03
3.831e-03
3.334e-03
2.902e-03
2.526e-03
2.198e-03
1.913e-03
1.665e-03
1.449e-03
1.262e-03
1.098e-03
9.556e-04
8.317e-04
7.239e-04
6.301e-04
5.484e-04
4.773e-04
4.154e-04
3.616e-04
3.147e-04
2.739e-04
2.384e-04
2.075e-04
1.806e-04
1.572e-04
1.368e-04
1.191e-04
1.036e-04
9.019e-05
7.850e-05
6.832e-05
5.946e-05
5.176e-05
4.505e-05
3.921e-05
3.412e-05
2.970e-05
2.585e-05
2.250e-05
1.958e-05
1.704e-05
1.483e-05
1.291e-05
1.124e-05
9.780e-06
8.512e-06
7.409e-06
6.448e-06
5.612e-06
4.885e-06
4.251e-06
3.700e-06
3.221e-06
2.803e-06
2.440e-06
2.123e-06
1.848e-06
1.608e-06
1.400e-06
1.218e-06
1.061e-06
9.230e-07
8.034e-07
6.992e-07
6.086e-07
5.297e-07
4.610e-07
4.012e-07
3.492e-07
3.039e-07
2.645e-07
2.302e-07
2.004e-07
1.744e-07
1.518e-07
1.321e-07
1.150e-07
1.001e-07
8.711e-08
7.582e-08
6.599e-08
5.744e-08
4.999e-08
4.351e-08
3.787e-08
3.296e-08
2.869e-08
2.497e-08
2.173e-08
1.891e-08
1.646e-08
1.433e-08
1.247e-08
1.085e-08
9.446e-09
8.222e-09
7.156e-09
6.228e-09
5.421e-09
4.718e-09
4.106e-09
3.574e-09
