# arrays of finj_ct 
2.446e+04
2.129e+04
1.853e+04
1.612e+04
1.403e+04
1.221e+04
1.063e+04
9.253e+03
8.053e+03
7.009e+03
6.101e+03
5.310e+03
4.621e+03
4.022e+03
3.501e+03
3.047e+03
2.652e+03
2.308e+03
2.009e+03
1.748e+03
1.522e+03
1.325e+03
1.153e+03
1.003e+03
8.733e+02
7.601e+02
6.615e+02
5.758e+02
5.011e+02
4.362e+02
3.796e+02
3.304e+02
2.876e+02
2.503e+02
2.178e+02
1.896e+02
1.650e+02
1.436e+02
1.250e+02
1.088e+02
9.470e+01
8.242e+01
7.173e+01
6.244e+01
5.434e+01
4.730e+01
4.116e+01
3.583e+01
3.118e+01
2.714e+01
2.362e+01
2.056e+01
1.789e+01
1.557e+01
1.356e+01
1.180e+01
1.027e+01
8.937e+00
7.779e+00
6.770e+00
5.893e+00
5.129e+00
4.464e+00
3.885e+00
3.381e+00
2.943e+00
2.562e+00
2.229e+00
1.940e+00
1.689e+00
1.470e+00
1.279e+00
1.113e+00
9.691e-01
8.435e-01
7.341e-01
6.390e-01
5.561e-01
4.840e-01
4.213e-01
3.667e-01
3.191e-01
2.778e-01
2.418e-01
2.104e-01
1.831e-01
1.594e-01
1.387e-01
1.207e-01
1.051e-01
9.147e-02
7.961e-02
6.929e-02
6.031e-02
5.249e-02
4.568e-02
3.976e-02
3.461e-02
3.012e-02
2.621e-02
2.282e-02
1.986e-02
1.728e-02
1.504e-02
1.309e-02
1.140e-02
9.918e-03
8.632e-03
7.513e-03
6.539e-03
5.692e-03
4.954e-03
4.311e-03
3.753e-03
3.266e-03
2.843e-03
2.474e-03
2.153e-03
1.874e-03
1.631e-03
1.420e-03
1.236e-03
1.076e-03
9.361e-04
8.147e-04
7.091e-04
6.172e-04
5.372e-04
4.675e-04
4.069e-04
3.542e-04
3.082e-04
2.683e-04
2.335e-04
2.032e-04
1.769e-04
1.540e-04
1.340e-04
1.166e-04
1.015e-04
8.835e-05
7.689e-05
6.692e-05
5.825e-05
5.070e-05
4.412e-05
3.840e-05
3.343e-05
2.909e-05
2.532e-05
2.204e-05
1.918e-05
1.669e-05
1.453e-05
1.265e-05
1.101e-05
9.580e-06
8.338e-06
7.257e-06
6.316e-06
5.497e-06
4.785e-06
4.164e-06
3.625e-06
3.155e-06
2.746e-06
2.390e-06
2.080e-06
1.810e-06
1.576e-06
1.371e-06
1.194e-06
1.039e-06
9.041e-07
7.869e-07
6.849e-07
5.961e-07
5.188e-07
4.516e-07
3.930e-07
3.421e-07
2.977e-07
2.591e-07
2.255e-07
1.963e-07
1.708e-07
1.487e-07
1.294e-07
1.126e-07
9.804e-08
8.533e-08
7.427e-08
6.464e-08
5.626e-08
4.897e-08
4.262e-08
3.709e-08
3.228e-08
2.810e-08
2.446e-08
