# arrays of finj_ct 
3.731e+07
3.247e+07
2.826e+07
2.460e+07
2.141e+07
1.863e+07
1.622e+07
1.412e+07
1.229e+07
1.069e+07
9.307e+06
8.101e+06
7.050e+06
6.136e+06
5.341e+06
4.648e+06
4.046e+06
3.521e+06
3.065e+06
2.667e+06
2.322e+06
2.021e+06
1.759e+06
1.531e+06
1.332e+06
1.160e+06
1.009e+06
8.784e+05
7.645e+05
6.654e+05
5.791e+05
5.041e+05
4.387e+05
3.818e+05
3.323e+05
2.893e+05
2.518e+05
2.191e+05
1.907e+05
1.660e+05
1.445e+05
1.257e+05
1.094e+05
9.525e+04
8.290e+04
7.215e+04
6.280e+04
5.466e+04
4.757e+04
4.141e+04
3.604e+04
3.137e+04
2.730e+04
2.376e+04
2.068e+04
1.800e+04
1.567e+04
1.363e+04
1.187e+04
1.033e+04
8.990e+03
7.824e+03
6.810e+03
5.927e+03
5.159e+03
4.490e+03
3.908e+03
3.401e+03
2.960e+03
2.576e+03
2.242e+03
1.952e+03
1.699e+03
1.478e+03
1.287e+03
1.120e+03
9.748e+02
8.484e+02
7.384e+02
6.427e+02
5.594e+02
4.869e+02
4.237e+02
3.688e+02
3.210e+02
2.794e+02
2.432e+02
2.116e+02
1.842e+02
1.603e+02
1.395e+02
1.214e+02
1.057e+02
9.200e+01
8.007e+01
6.969e+01
6.066e+01
5.279e+01
4.595e+01
3.999e+01
3.481e+01
3.030e+01
2.637e+01
2.295e+01
1.997e+01
1.738e+01
1.513e+01
1.317e+01
1.146e+01
9.976e+00
8.683e+00
7.557e+00
6.577e+00
5.725e+00
4.983e+00
4.337e+00
3.774e+00
3.285e+00
2.859e+00
2.489e+00
2.166e+00
1.885e+00
1.641e+00
1.428e+00
1.243e+00
1.082e+00
9.415e-01
8.195e-01
7.132e-01
6.208e-01
5.403e-01
4.703e-01
4.093e-01
3.562e-01
3.100e-01
2.699e-01
2.349e-01
2.044e-01
1.779e-01
1.549e-01
1.348e-01
1.173e-01
1.021e-01
8.886e-02
7.734e-02
6.731e-02
5.859e-02
5.099e-02
4.438e-02
3.863e-02
3.362e-02
2.926e-02
2.547e-02
2.217e-02
1.929e-02
1.679e-02
1.461e-02
1.272e-02
1.107e-02
9.636e-03
8.387e-03
7.299e-03
6.353e-03
5.529e-03
4.813e-03
4.189e-03
3.646e-03
3.173e-03
2.762e-03
2.404e-03
2.092e-03
1.821e-03
1.585e-03
1.379e-03
1.201e-03
1.045e-03
9.094e-04
7.915e-04
6.889e-04
5.996e-04
5.219e-04
4.542e-04
3.953e-04
3.441e-04
2.995e-04
2.606e-04
2.269e-04
1.974e-04
1.718e-04
1.496e-04
1.302e-04
1.133e-04
9.861e-05
8.583e-05
7.470e-05
6.502e-05
5.659e-05
4.925e-05
4.287e-05
3.731e-05
