# arrays of finj_ct 
2.043e+03
1.778e+03
1.548e+03
1.347e+03
1.173e+03
1.021e+03
8.882e+02
7.731e+02
6.729e+02
5.856e+02
5.097e+02
4.436e+02
3.861e+02
3.361e+02
2.925e+02
2.546e+02
2.216e+02
1.928e+02
1.678e+02
1.461e+02
1.271e+02
1.107e+02
9.632e+01
8.383e+01
7.296e+01
6.350e+01
5.527e+01
4.811e+01
4.187e+01
3.644e+01
3.172e+01
2.761e+01
2.403e+01
2.091e+01
1.820e+01
1.584e+01
1.379e+01
1.200e+01
1.044e+01
9.090e+00
7.912e+00
6.886e+00
5.993e+00
5.216e+00
4.540e+00
3.952e+00
3.439e+00
2.993e+00
2.605e+00
2.268e+00
1.974e+00
1.718e+00
1.495e+00
1.301e+00
1.133e+00
9.857e-01
8.579e-01
7.467e-01
6.499e-01
5.656e-01
4.923e-01
4.285e-01
3.729e-01
3.246e-01
2.825e-01
2.459e-01
2.140e-01
1.863e-01
1.621e-01
1.411e-01
1.228e-01
1.069e-01
9.303e-02
8.097e-02
7.047e-02
6.134e-02
5.339e-02
4.646e-02
4.044e-02
3.520e-02
3.063e-02
2.666e-02
2.321e-02
2.020e-02
1.758e-02
1.530e-02
1.332e-02
1.159e-02
1.009e-02
8.780e-03
7.642e-03
6.651e-03
5.789e-03
5.038e-03
4.385e-03
3.817e-03
3.322e-03
2.891e-03
2.516e-03
2.190e-03
1.906e-03
1.659e-03
1.444e-03
1.257e-03
1.094e-03
9.521e-04
8.287e-04
7.212e-04
6.277e-04
5.464e-04
4.755e-04
4.139e-04
3.602e-04
3.135e-04
2.729e-04
2.375e-04
2.067e-04
1.799e-04
1.566e-04
1.363e-04
1.186e-04
1.032e-04
8.986e-05
7.821e-05
6.807e-05
5.924e-05
5.156e-05
4.488e-05
3.906e-05
3.400e-05
2.959e-05
2.575e-05
2.241e-05
1.951e-05
1.698e-05
1.478e-05
1.286e-05
1.120e-05
9.744e-06
8.481e-06
7.381e-06
6.424e-06
5.591e-06
4.867e-06
4.236e-06
3.687e-06
3.209e-06
2.793e-06
2.431e-06
2.115e-06
1.841e-06
1.603e-06
1.395e-06
1.214e-06
1.057e-06
9.196e-07
8.004e-07
6.966e-07
6.063e-07
5.277e-07
4.593e-07
3.998e-07
3.479e-07
3.028e-07
2.636e-07
2.294e-07
1.997e-07
1.738e-07
1.512e-07
1.316e-07
1.146e-07
9.972e-08
8.679e-08
7.554e-08
6.575e-08
5.722e-08
4.980e-08
4.335e-08
3.773e-08
3.284e-08
2.858e-08
2.487e-08
2.165e-08
1.884e-08
1.640e-08
1.427e-08
1.242e-08
1.081e-08
9.411e-09
8.191e-09
7.129e-09
6.205e-09
5.401e-09
4.700e-09
4.091e-09
3.561e-09
3.099e-09
2.697e-09
2.348e-09
2.043e-09
