1e-10	1
1e-10	6.60728E-11
0.002	6.60728E-11		
0.005	6.61018E-11		
0.008	6.62593E-11		
0.01	6.65234E-11		
0.0125	6.7175E-11		
0.015	6.83541E-11		
0.0175	7.02937E-11		
0.02	7.32877E-11		
0.03	1.12011E-10		
0.032	1.32531E-10		
0.034	1.5434E-10		
0.036	1.63591E-10		
0.038	1.57164E-10		
0.04	1.52893E-10		
0.041	1.53358E-10		
0.042	1.5551E-10		
0.043	1.59212E-10		
0.044	1.64025E-10		
0.045	1.69462E-10		
0.046	1.75291E-10		
0.047	1.81613E-10		
0.048	1.88318E-10		
0.049	1.94471E-10		
0.05	1.99169E-10		
0.051	2.02616E-10		
0.052	2.05176E-10		
0.053	2.06536E-10		
0.054	2.07236E-10		
0.055	2.09034E-10		
0.056	2.1267E-10		
0.057	2.17417E-10		
0.058	2.22804E-10	
0.0586894	2.17612E-10
0.0596285	2.11342E-10
0.060553	2.09429E-10
0.0614636	2.11606E-10
0.062361	2.15794E-10
0.0632456	2.18276E-10
0.0641179	2.18276E-10
0.0649786	2.17333E-10
0.0658281	2.10917E-10
0.0666667	2.04062E-10
0.0674949	2.01369E-10
0.068313	2.03069E-10
0.0691215	2.08518E-10
0.0699206	2.1567E-10
0.0707107	2.12459E-10
0.071492	2.19101E-10
0.0722649	2.20827E-10
0.0730297	2.03412E-10
0.0737865	1.99687E-10
0.0745356	2.12197E-10
0.0752773	2.11804E-10
0.0760117	2.12433E-10
0.0767391	2.11778E-10
0.0774597	2.08629E-10
0.0781736	2.03649E-10
0.0788811	1.98178E-10
0.0795822	1.94291E-10
0.0802773	1.9352E-10
0.0809664	1.96388E-10
0.0816497	2.02001E-10
0.0823273	2.08505E-10
0.0829993	2.14387E-10
0.083666	2.18276E-10
0.0843274	2.19006E-10
0.0849837	2.1715E-10
0.0856349	2.15495E-10
0.0862812	2.16265E-10
0.0869227	2.19006E-10
0.0875595	2.20804E-10
0.0881917	2.18516E-10
0.0888194	2.11764E-10
0.0894427	2.0298E-10
0.0900617	1.95104E-10
0.0906765	1.90311E-10
0.0912871	1.897E-10
0.0918937	1.93399E-10
0.0924962	2.00529E-10
0.0930949	2.09027E-10
0.0936898	2.15657E-10
0.0942809	2.1818E-10
0.0948683	2.17685E-10
0.0954521	2.17125E-10
0.0960324	2.18732E-10
0.0966092	2.22933E-10
0.0971825	2.2793E-10
0.0977525	2.29703E-10
0.0983192	2.25013E-10
0.0988826	2.1517E-10
0.0994429	2.04728E-10
0.1	1.97452E-10
0.100554	1.95037E-10
0.101105	1.97953E-10
0.101653	2.0564E-10
0.102198	2.16327E-10
0.10274	2.26727E-10
0.10328	2.32727E-10
0.103816	2.3217E-10
0.10435	2.27442E-10
0.104881	2.23349E-10
0.105409	2.23113E-10
0.105935	2.27442E-10
0.106458	2.35042E-10
0.106979	2.42154E-10
0.107497	2.44497E-10
0.108012	2.39995E-10
0.108525	2.31083E-10
0.109036	2.22355E-10
0.109545	2.17369E-10
0.11005	2.17235E-10
0.110554	2.20734E-10
0.111056	2.24915E-10
0.111555	2.26124E-10
0.112052	2.22673E-10
0.112546	2.16228E-10
0.113039	2.09924E-10
0.113529	2.06177E-10
0.114018	2.06148E-10
0.114504	2.09857E-10
0.114988	2.15769E-10
0.11547	2.21163E-10
0.11595	2.23226E-10
0.116428	2.207E-10
0.116905	2.15144E-10
0.117379	2.10153E-10
0.117851	2.08422E-10
0.118322	2.10288E-10
0.11879	2.22537E-10
0.119257	2.23629E-10
0.119722	2.18132E-10
0.120185	2.07951E-10
0.120646	2.23607E-10
0.121106	2.14994E-10
0.121564	2.11249E-10
0.12202	2.13365E-10
0.122474	2.20839E-10
0.122927	2.31507E-10
0.123378	2.41367E-10
0.123828	2.06688E-10
0.124276	2.06248E-10
0.124722	1.95974E-10
0.125167	1.95003E-10
0.12561	1.95857E-10
0.126051	1.99064E-10
0.126491	2.0415E-10
0.12693	2.101E-10
0.127366	2.15031E-10
0.127802	2.16463E-10
0.128236	2.14362E-10
0.128668	2.1204E-10
0.129099	2.12615E-10
0.129529	2.16733E-10
0.129957	2.2291E-10
0.130384	2.28025E-10
0.130809	2.293E-10
0.131233	2.27059E-10
0.131656	2.23461E-10
0.132077	2.20653E-10
0.132497	2.20151E-10
0.132916	2.22514E-10
0.133333	2.26995E-10
0.133749	2.31558E-10
0.134164	2.33604E-10
0.134578	2.31447E-10
0.13499	2.25429E-10
0.135401	2.18276E-10
0.13581	2.13043E-10
0.136219	2.11276E-10
0.136626	2.12836E-10
0.137032	2.15856E-10
0.137437	2.17418E-10
0.13784	2.14031E-10
0.138243	2.06262E-10
0.138644	1.97751E-10
0.139044	1.92152E-10
0.139443	1.91461E-10
0.139841	1.96173E-10
0.140238	2.06077E-10
0.140633	2.17709E-10
0.141028	2.36199E-10
0.141421	2.25112E-10
0.141814	2.19846E-10
0.142205	2.14615E-10
0.142595	2.13082E-10
0.142984	2.16253E-10
0.143372	2.23226E-10
0.143759	2.42593E-10
0.144145	2.4303E-10
0.14453	2.26941E-10
0.144914	2.17515E-10
0.145297	2.08325E-10
0.145678	2.03634E-10
0.146059	2.03974E-10
0.146439	2.09992E-10
0.146818	2.20607E-10
0.147196	2.31949E-10
0.147573	2.38747E-10
0.147949	2.39914E-10
0.148324	2.21555E-10
0.148698	2.30606E-10
0.149071	2.30514E-10
0.149443	2.20885E-10
0.149815	2.40383E-10
0.150185	2.42523E-10
0.150555	2.40581E-10
0.150923	2.33546E-10
0.151291	2.24252E-10
0.151658	2.16623E-10
0.152023	2.13146E-10
0.152388	2.13929E-10
0.152753	2.17879E-10
0.153116	2.22989E-10
0.153478	2.26727E-10
0.15384	2.27262E-10
0.1542	2.24969E-10
0.15456	2.2231E-10
0.154919	2.22333E-10
0.155278	2.2692E-10
0.155635	2.36142E-10
0.155991	2.47172E-10
0.156347	2.37376E-10
0.156702	2.36719E-10
0.157056	2.32568E-10
0.15741	2.27368E-10
0.157762	2.24086E-10
0.158114	2.23248E-10
0.158465	2.24474E-10
0.158815	2.25919E-10
0.159164	2.24573E-10
0.159513	2.20932E-10
0.159861	2.24816E-10
0.160208	2.20781E-10
0.160555	2.17199E-10
0.1609	2.16611E-10
0.161245	2.29269E-10
0.161589	2.35685E-10
0.161933	2.44386E-10
0.162275	2.49498E-10
0.162617	2.56698E-10
0.162959	2.58569E-10
0.163299	2.55709E-10
0.163639	2.52518E-10
0.163978	2.52339E-10
0.164317	2.56387E-10
0.164655	2.5612E-10
0.164992	2.59304E-10
0.165328	2.58743E-10
0.165664	2.53475E-10
0.165999	2.46064E-10
0.166333	2.3986E-10
0.166667	2.36775E-10
0.167	2.37038E-10
0.167332	2.39269E-10
0.167664	2.4126E-10
0.167995	2.51918E-10
0.168325	2.48307E-10
0.168655	2.42523E-10
0.168984	2.36888E-10
0.169312	2.33221E-10
0.16964	2.32409E-10
0.169967	2.34035E-10
0.170294	2.36832E-10
0.17062	2.38783E-10
0.170945	2.3759E-10
0.17127	2.32598E-10
0.171594	2.26124E-10
0.171917	2.21578E-10
0.17224	2.20943E-10
0.172562	2.24485E-10
0.172884	2.30626E-10
0.173205	2.35809E-10
0.173526	2.36189E-10
0.173845	2.31002E-10
0.174165	2.23349E-10
0.174483	2.16905E-10
0.174801	2.14248E-10
0.175119	2.16537E-10
0.175436	2.2403E-10
0.175752	2.34985E-10
0.176068	2.45127E-10
0.176383	2.49828E-10
0.176698	2.47988E-10
0.177012	2.43134E-10
0.177326	2.39805E-10
0.177639	2.40392E-10
0.177951	2.3208E-10
0.178263	2.34288E-10
0.178575	2.31487E-10
0.178885	2.37404E-10
0.179196	2.23741E-10
0.179505	2.11196E-10
0.179815	2.03486E-10
0.180123	2.01697E-10
0.180432	2.05934E-10
0.180739	2.1567E-10
0.181046	2.29103E-10
0.181353	2.41987E-10
0.181659	2.35033E-10
0.181965	2.36813E-10
0.18227	2.36944E-10
0.182574	2.38894E-10
0.182878	2.43896E-10
0.183182	2.5014E-10
0.183485	2.53321E-10
0.183787	2.59425E-10
0.184089	2.47222E-10
0.184391	2.31709E-10
0.184692	2.18899E-10
0.184992	2.11712E-10
0.185293	2.10086E-10
0.185592	2.12393E-10
0.185891	2.16018E-10
0.18619	2.18204E-10
0.186488	2.17418E-10
0.186786	2.14146E-10
0.187083	2.10261E-10
0.18738	2.07784E-10
0.187676	2.07867E-10
0.187972	2.10207E-10
0.188267	2.13507E-10
0.188562	2.1557E-10
0.188856	2.144E-10
0.18915	2.10005E-10
0.189444	2.04794E-10
0.189737	2.01796E-10
0.190029	2.03084E-10
0.190321	2.093E-10
0.190613	2.19527E-10
0.190904	2.30799E-10
0.191195	2.38894E-10
0.191485	2.41278E-10
0.191775	2.38875E-10
0.192065	2.34074E-10
0.192354	2.28361E-10
0.192642	2.21704E-10
0.192931	2.13673E-10
0.193218	2.03323E-10
0.193506	1.91798E-10
0.193793	1.81209E-10
0.194079	1.72891E-10
0.194365	1.67319E-10
0.194651	1.64989E-10
0.194936	1.65982E-10
0.195221	1.69875E-10
0.195505	1.75539E-10
0.195789	1.81607E-10
0.196073	1.86257E-10
0.196356	1.87993E-10
0.196638	1.87369E-10
0.196921	1.85683E-10
0.197203	1.84838E-10
0.197484	1.85321E-10
0.197765	1.85458E-10
0.198046	1.83376E-10
0.198326	1.79038E-10
0.198606	1.89084E-10
0.198886	1.87861E-10
0.199165	1.85927E-10
0.199444	1.85232E-10
0.199722	1.86014E-10
0.2	1.85615E-10
0.200278	1.81188E-10
0.200555	1.75319E-10
0.200832	1.68422E-10
0.201108	1.61602E-10
0.201384	1.58704E-10
0.20166	1.61661E-10
0.201935	1.6867E-10
0.20221	1.75435E-10
0.202485	1.78907E-10
0.202759	1.77711E-10
0.203033	1.72473E-10
0.203306	1.65522E-10
0.203579	1.59533E-10
0.203852	1.56345E-10
0.204124	1.56005E-10
0.204396	1.58535E-10
0.204668	1.62304E-10
0.204939	1.65439E-10
0.20521	1.65715E-10
0.20548	1.61178E-10
0.205751	1.51899E-10
0.206021	1.2935E-10
0.20629	1.30644E-10
0.206559	1.34621E-10
0.206828	1.411E-10
0.207096	1.48933E-10
0.207364	1.73241E-10
0.207632	1.84421E-10
0.2079	1.93183E-10
0.208167	1.98682E-10
0.208433	2.01598E-10
0.2087	2.04136E-10
0.208966	2.07231E-10
0.209231	1.99167E-10
0.209497	2.16302E-10
0.209762	2.17685E-10
0.210026	2.00172E-10
0.210291	1.96231E-10
0.210555	1.9339E-10
0.210819	1.93416E-10
0.211082	1.96865E-10
0.211345	2.03397E-10
0.211608	2.12106E-10
0.21187	2.20338E-10
0.212132	2.10917E-10
0.212394	2.10369E-10
0.212655	1.9352E-10
0.212916	1.9333E-10
0.213177	1.96007E-10
0.213437	2.15245E-10
0.213698	2.15682E-10
0.213957	2.1093E-10
0.214217	2.12576E-10
0.214476	1.98275E-10
0.214735	1.87776E-10
0.214994	1.92652E-10
0.215252	1.93649E-10
0.21551	1.98451E-10
0.215767	2.04735E-10
0.216025	2.09857E-10
0.216282	2.11948E-10
0.216538	2.1109E-10
0.216795	2.09735E-10
0.217051	2.10355E-10
0.217307	2.14514E-10
0.217562	2.21359E-10
0.217817	2.28466E-10
0.218072	2.32697E-10
0.218327	2.3218E-10
0.218581	2.27676E-10
0.218835	2.21601E-10
0.219089	2.17588E-10
0.219342	2.19374E-10
0.219596	2.26834E-10
0.219848	2.36018E-10
0.220101	2.43559E-10
0.220353	2.47445E-10
0.220605	2.47363E-10
0.220857	2.44386E-10
0.221108	2.41002E-10
0.221359	2.39569E-10
0.22161	2.4102E-10
0.221861	2.44094E-10
0.222111	2.45458E-10
0.222361	2.41509E-10
0.222611	2.30677E-10
0.22286	2.05791E-10
0.223109	1.96165E-10
0.223358	1.90193E-10
0.223607	1.88963E-10
0.223855	1.913E-10
0.224103	1.95841E-10
0.224351	2.00389E-10
0.224598	2.02364E-10
0.224846	2.00808E-10
0.225093	1.97565E-10
0.225339	1.95457E-10
0.225586	1.96585E-10
0.225832	2.01415E-10
0.226078	2.08725E-10
0.226323	2.16191E-10
0.226569	2.21152E-10
0.226814	2.22605E-10
0.227058	2.22013E-10
0.227303	2.21693E-10
0.227547	2.23327E-10
0.227791	2.27283E-10
0.228035	2.32209E-10
0.228279	2.35723E-10
0.228522	2.36596E-10
0.228765	2.35713E-10
0.229008	2.3421E-10
0.22925	2.32498E-10
0.229492	2.30493E-10
0.229734	2.28077E-10
0.229976	2.2383E-10
0.230217	2.16339E-10
0.230458	2.06205E-10
0.230699	1.95708E-10
0.23094	1.86546E-10
0.231181	1.79839E-10
0.231421	1.76331E-10
0.231661	1.76297E-10
0.2319	1.79494E-10
0.23214	1.84947E-10
0.232379	1.90825E-10
0.232618	1.94614E-10
0.232857	1.9497E-10
0.233095	1.92974E-10
0.233333	1.91318E-10
0.233571	1.9238E-10
0.233809	1.97338E-10
0.234047	2.05919E-10
0.234284	2.16228E-10
0.234521	2.24551E-10
0.234758	2.27866E-10
0.234994	2.26373E-10
0.23523	2.23349E-10
0.235466	2.22116E-10
0.235702	2.2443E-10
0.235938	2.30524E-10
0.236173	2.38774E-10
0.236408	2.45686E-10
0.236643	2.47766E-10
0.236878	2.44446E-10
0.237112	2.28372E-10
0.237346	2.22139E-10
0.23758	2.20128E-10
0.237814	2.21463E-10
0.238048	2.23852E-10
0.238281	2.36879E-10
0.238514	2.31336E-10
0.238747	2.20769E-10
0.238979	2.09708E-10
0.239212	2.02137E-10
0.239444	1.99309E-10
0.239676	2.01E-10
0.239907	2.06305E-10
0.240139	2.13365E-10
0.24037	2.19267E-10
0.240601	2.21417E-10
0.240832	2.19869E-10
0.241062	2.17015E-10
0.241293	2.15057E-10
0.241523	2.14311E-10
0.241753	2.13159E-10
0.241983	2.09259E-10
0.242212	2.01864E-10
0.242441	1.93061E-10
0.24267	1.85586E-10
0.242899	1.80872E-10
0.243128	1.79158E-10
0.243356	1.80235E-10
0.243584	1.83649E-10
0.243812	1.88601E-10
0.24404	1.93855E-10
0.244268	1.97735E-10
0.244495	1.99056E-10
0.244722	1.98291E-10
0.244949	1.97305E-10
0.245176	1.9776E-10
0.245402	2.00117E-10
0.245628	2.03619E-10
0.245855	2.07252E-10
0.24608	2.09013E-10
0.246306	2.082E-10
0.246531	2.06077E-10
0.246757	2.13442E-10
0.246982	2.16216E-10
0.247207	2.22116E-10
0.247431	2.30982E-10
0.247656	2.41536E-10
0.24788	2.51495E-10
0.248104	2.58171E-10
0.248328	2.60344E-10
0.248551	2.59583E-10
0.248775	2.58707E-10
0.248998	2.5974E-10
0.249221	2.62464E-10
0.249444	2.64129E-10
0.249666	2.60824E-10
0.249889	2.50943E-10
0.250111	2.37151E-10
0.250333	2.24086E-10
0.250555	2.14653E-10
0.250777	2.01606E-10
0.250998	2.01834E-10
0.251219	2.04033E-10
0.25144	2.06177E-10
0.251661	2.06305E-10
0.251882	2.04356E-10
0.252102	2.01529E-10
0.252323	2.00133E-10
0.252543	2.02462E-10
0.252763	2.0987E-10
0.252982	2.22537E-10
0.253202	2.38388E-10
0.253421	2.53029E-10
0.25364	2.60846E-10
0.253859	2.50172E-10
0.254078	2.47363E-10
0.254296	2.59761E-10
0.254515	2.65941E-10
0.254733	2.63598E-10
0.254951	2.70198E-10
0.255169	2.73739E-10
0.255386	2.72722E-10
0.255604	2.68496E-10
0.255821	2.65862E-10
0.256038	2.57023E-10
0.256255	2.53467E-10
0.256472	2.54989E-10
0.256688	2.59547E-10
0.256905	2.63761E-10
0.257121	2.64467E-10
0.257337	2.6105E-10
0.257553	2.55657E-10
0.257768	2.51069E-10
0.257984	2.41403E-10
0.258199	2.50228E-10
0.258414	2.51604E-10
0.258629	2.50578E-10
0.258844	2.43559E-10
0.259058	2.31144E-10
0.259272	2.16881E-10
0.259487	2.05776E-10
0.259701	2.00109E-10
0.259915	1.99906E-10
0.260128	2.04531E-10
0.260342	2.12459E-10
0.260555	2.207E-10
0.260768	2.25342E-10
0.260981	2.24529E-10
0.261194	2.20572E-10
0.261406	2.17539E-10
0.261619	2.18312E-10
0.261831	2.23372E-10
0.262043	2.31255E-10
0.262255	2.37934E-10
0.262467	2.38609E-10
0.262679	2.32259E-10
0.26289	2.22888E-10
0.263101	2.14729E-10
0.263312	2.1069E-10
0.263523	2.10248E-10
0.263734	2.21359E-10
0.263944	2.25571E-10
0.264155	2.24695E-10
0.264365	2.73581E-10
0.264575	2.76169E-10
0.264785	2.74117E-10
0.264995	2.71469E-10
0.265204	2.70122E-10
0.265414	2.68263E-10
0.265623	2.18552E-10
0.265832	2.31769E-10
0.266041	2.43982E-10
0.26625	2.40895E-10
0.266458	2.43421E-10
0.266667	2.43568E-10
0.266875	2.45492E-10
0.267083	2.49523E-10
0.267291	2.53942E-10
0.267499	2.54467E-10
0.267706	2.46732E-10
0.267914	2.3214E-10
0.268121	2.17709E-10
0.268328	2.07853E-10
0.268535	2.03293E-10
0.268742	2.03278E-10
0.268949	2.05934E-10
0.269155	2.09272E-10
0.269361	2.11236E-10
0.269568	2.10917E-10
0.269774	2.09027E-10
0.269979	2.07083E-10
0.270185	2.06433E-10
0.270391	2.07923E-10
0.270596	2.10917E-10
0.270801	2.13878E-10
0.271006	2.14767E-10
0.271211	2.12132E-10
0.271416	2.06547E-10
0.271621	2.48771E-10
0.271825	2.45339E-10
0.272029	2.46583E-10
0.272234	2.52905E-10
0.272438	2.62097E-10
0.272641	2.50681E-10
0.272845	2.49932E-10
0.273049	1.98146E-10
0.273252	1.97224E-10
0.273455	1.9647E-10
0.273658	1.96832E-10
0.273861	1.98515E-10
0.274064	2.00869E-10
0.274267	2.81328E-10
0.274469	3.00074E-10
0.274672	3.19359E-10
0.274874	3.01306E-10
0.275076	2.96322E-10
0.275278	2.13198E-10
0.275479	2.11659E-10
0.275681	2.11143E-10
0.275882	2.75788E-10
0.276084	2.11421E-10
0.276285	2.11527E-10
0.276486	2.11236E-10
0.276687	2.10784E-10
0.276887	2.11329E-10
0.277088	2.14044E-10
0.277288	2.19881E-10
0.277489	2.28539E-10
0.277689	2.38323E-10
0.277889	2.46039E-10
0.278089	2.49071E-10
0.278288	2.47971E-10
0.278488	2.45627E-10
0.278687	2.4442E-10
0.278887	2.44821E-10
0.279086	2.45297E-10
0.279285	2.42969E-10
0.279484	2.35608E-10
0.279682	2.24474E-10
0.279881	2.13378E-10
0.280079	2.05012E-10
0.280278	2.00156E-10
0.280476	1.98603E-10
0.280674	1.99734E-10
0.280872	2.0268E-10
0.281069	2.06262E-10
0.281267	2.09054E-10
0.281464	2.10153E-10
0.281662	2.1014E-10
0.281859	2.10663E-10
0.282056	2.13094E-10
0.282253	2.17612E-10
0.28245	2.22775E-10
0.282646	2.25886E-10
0.282843	2.24816E-10
0.283039	2.20151E-10
0.283235	2.14666E-10
0.283431	2.10837E-10
0.283627	2.09857E-10
0.283823	2.11685E-10
0.284019	2.15207E-10
0.284214	2.18564E-10
0.28441	2.19858E-10
0.284605	2.1866E-10
0.2848	2.16129E-10
0.284995	2.14133E-10
0.28519	2.1407E-10
0.285385	2.16709E-10
0.285579	2.21739E-10
0.285774	2.2794E-10
0.285968	2.33261E-10
0.286162	2.35704E-10
0.286356	2.34985E-10
0.28655	2.32796E-10
0.286744	2.31467E-10
0.286938	2.32349E-10
0.287131	2.3558E-10
0.287325	2.39606E-10
0.287518	2.41952E-10
0.287711	2.4076E-10
0.287904	2.36274E-10
0.288097	2.30809E-10
0.28829	2.26899E-10
0.288483	2.26092E-10
0.288675	2.28655E-10
0.288868	2.33693E-10
0.28906	2.39004E-10
0.289252	2.41775E-10
0.289444	2.40203E-10
0.289636	2.35052E-10
0.289828	2.29113E-10
0.290019	2.24706E-10
0.290211	2.2215E-10
0.290402	2.19563E-10
0.290593	2.1375E-10
0.290784	2.03664E-10
0.290975	1.91825E-10
0.291166	1.81534E-10
0.291357	1.74502E-10
0.291548	1.71136E-10
0.291738	1.71384E-10
0.291928	1.75005E-10
0.292119	1.81565E-10
0.292309	1.90147E-10
0.292499	1.98969E-10
0.292689	2.05517E-10
0.292878	2.08449E-10
0.293068	2.09259E-10
0.293258	2.10677E-10
0.293447	2.14539E-10
0.293636	2.2042E-10
0.293825	2.25658E-10
0.294014	2.26695E-10
0.294203	2.22492E-10
0.294392	2.1547E-10
0.294581	2.08732E-10
0.294769	2.04224E-10
0.294958	2.0268E-10
0.295146	2.04136E-10
0.295334	2.08103E-10
0.295522	2.13904E-10
0.29571	2.20186E-10
0.295898	2.24948E-10
0.296086	2.26984E-10
0.296273	2.27538E-10
0.296461	2.28915E-10
0.296648	2.32329E-10
0.296835	2.36907E-10
0.297022	2.40122E-10
0.297209	2.39705E-10
0.297396	2.35999E-10
0.297583	2.31538E-10
0.297769	2.28769E-10
0.297956	2.29186E-10
0.298142	2.33585E-10
0.298329	2.41536E-10
0.298515	2.50848E-10
0.298701	2.58352E-10
0.298887	2.59718E-10
0.299073	2.5606E-10
0.299258	2.50451E-10
0.299444	2.48062E-10
0.299629	2.49772E-10
0.299815	2.55327E-10
0.3	2.62506E-10
0.300185	2.67496E-10
0.30037	2.68909E-10
0.300555	2.63639E-10
0.30074	2.55026E-10
0.300924	2.45356E-10
0.301109	2.41722E-10
0.301294	2.42146E-10
0.301478	2.45212E-10
0.301662	2.47056E-10
0.301846	2.27771E-10
0.30203	2.19963E-10
0.302214	2.12654E-10
0.302398	2.07923E-10
0.302581	2.06886E-10
0.302765	2.09965E-10
0.302948	2.17076E-10
0.303132	2.37357E-10
0.303315	2.48315E-10
0.303498	2.51581E-10
0.303681	2.57287E-10
0.303864	2.46207E-10
0.304047	2.36653E-10
0.304229	2.30779E-10
0.304412	2.28539E-10
0.304594	2.28613E-10
0.304777	2.2878E-10
0.304959	2.27155E-10
0.305141	2.23012E-10
0.305323	2.09789E-10
0.305505	2.09136E-10
0.305687	2.10221E-10
0.305869	2.12224E-10
0.30605	2.13699E-10
0.306232	2.13455E-10
0.306413	2.1225E-10
0.306594	2.1057E-10
0.306775	2.09054E-10
0.306956	2.17527E-10
0.307137	2.207E-10
0.307318	2.24991E-10
0.307499	2.29714E-10
0.307679	2.33683E-10
0.30786	2.35551E-10
0.30804	2.33908E-10
0.308221	2.30125E-10
0.308401	2.26005E-10
0.308581	2.23562E-10
0.308761	2.24186E-10
0.308941	2.28003E-10
0.309121	2.33388E-10
0.3093	2.3702E-10
0.30948	2.37179E-10
0.309659	2.33604E-10
0.309839	2.28267E-10
0.310018	2.2373E-10
0.310197	2.16067E-10
0.310376	2.21036E-10
0.310555	2.29217E-10
0.310734	2.23596E-10
0.310913	2.27485E-10
0.311091	2.29092E-10
0.31127	2.29279E-10
0.311448	2.29134E-10
0.311627	2.29072E-10
0.311805	2.28529E-10
0.311983	2.26103E-10
0.312161	2.33447E-10
0.312339	2.22242E-10
0.312517	2.08491E-10
0.312694	2.27792E-10
0.312872	2.17891E-10
0.31305	2.12784E-10
0.313227	2.12119E-10
0.313404	2.15157E-10
0.313581	1.94936E-10
0.313759	2.03367E-10
0.313936	2.11382E-10
0.314113	2.17089E-10
0.314289	2.20315E-10
0.314466	2.22367E-10
0.314643	2.24683E-10
0.314819	2.27368E-10
0.314996	2.293E-10
0.315172	2.28183E-10
0.315348	2.2282E-10
0.315524	2.14767E-10
0.3157	2.06914E-10
0.315876	2.01644E-10
0.316052	2.00187E-10
0.316228	2.03039E-10
0.316403	2.1018E-10
0.316579	2.21163E-10
0.316754	2.34074E-10
0.31693	2.4528E-10
0.317105	2.52494E-10
0.31728	2.40939E-10
0.317455	2.39186E-10
0.31763	2.40004E-10
0.317805	2.42392E-10
0.31798	2.44025E-10
0.318154	2.42409E-10
0.318329	2.38027E-10
0.318503	2.32279E-10
0.318678	2.27198E-10
0.318852	2.24551E-10
0.319026	2.24794E-10
0.3192	2.27411E-10
0.319374	2.44008E-10
0.319548	2.46014E-10
0.319722	2.46232E-10
0.319896	2.44317E-10
0.320069	2.4189E-10
0.320243	2.39104E-10
0.320416	2.46749E-10
0.32059	2.47717E-10
0.320763	2.49482E-10
0.320936	2.51785E-10
0.321109	2.53413E-10
0.321282	2.53029E-10
0.321455	2.50546E-10
0.321628	2.4798E-10
0.3218	2.47602E-10
0.321973	2.50594E-10
0.322146	2.56565E-10
0.322318	2.62995E-10
0.32249	2.53812E-10
0.322663	2.48682E-10
0.322835	2.50879E-10
0.323007	2.40149E-10
0.323179	2.27655E-10
0.323351	2.28193E-10
0.323522	2.33624E-10
0.323694	2.4174E-10
0.323866	2.49353E-10
0.324037	2.52425E-10
0.324208	2.48949E-10
0.32438	2.41562E-10
0.324551	2.34946E-10
0.324722	2.31879E-10
0.324893	2.32488E-10
0.325064	2.35148E-10
0.325235	2.3746E-10
0.325406	2.36047E-10
0.325576	2.30514E-10
0.325747	2.2373E-10
0.325918	2.18767E-10
0.326088	2.17442E-10
0.326258	2.19881E-10
0.326428	2.26038E-10
0.326599	2.35331E-10
0.326769	2.46181E-10
0.326939	2.56343E-10
0.327109	2.46549E-10
0.327278	2.43334E-10
0.327448	2.41598E-10
0.327618	2.42707E-10
0.327787	2.45795E-10
0.327957	2.49321E-10
0.328126	2.55777E-10
0.328295	2.45187E-10
0.328464	2.3205E-10
0.328634	2.20245E-10
0.328803	2.11712E-10
0.328971	2.18408E-10
0.32914	2.22378E-10
0.329309	2.27633E-10
0.329478	2.31144E-10
0.329646	2.31578E-10
0.329815	2.28623E-10
0.329983	2.23752E-10
0.330151	2.19368E-10
0.33032	2.17223E-10
0.330488	2.18258E-10
0.330656	2.22458E-10
0.330824	2.28696E-10
0.330992	2.3455E-10
0.33116	2.37544E-10
0.331327	2.35971E-10
0.331495	2.2961E-10
0.331662	2.22503E-10
0.33183	2.06547E-10
0.331997	2.06745E-10
0.332165	2.08366E-10
0.332332	2.10944E-10
0.332499	2.14691E-10
0.332666	2.18982E-10
0.332833	2.22752E-10
0.333	2.26394E-10
0.333167	2.31346E-10
0.333333	2.27951E-10
0.3335	2.32389E-10
0.333666	2.39241E-10
0.333833	2.46932E-10
0.333999	2.52905E-10
0.334166	2.55597E-10
0.334332	2.55387E-10
0.334498	2.33388E-10
0.334664	2.30187E-10
0.33483	2.2814E-10
0.334996	2.24606E-10
0.335162	2.36104E-10
0.335327	2.45492E-10
0.335493	2.32647E-10
0.335659	2.22105E-10
0.335824	2.15126E-10
0.335989	2.11415E-10
0.336155	2.10073E-10
0.33632	2.09944E-10
0.336485	2.09382E-10
0.33665	2.00094E-10
0.336815	1.96676E-10
0.33698	1.92099E-10
0.337145	1.88152E-10
0.33731	1.86373E-10
0.337474	1.87073E-10
0.337639	1.9051E-10
0.337803	1.96148E-10
0.337968	2.02875E-10
0.338132	2.08615E-10
0.338296	2.1204E-10
0.338461	2.13262E-10
0.338625	2.13056E-10
0.338789	2.13017E-10
0.338953	2.14006E-10
0.339116	2.15919E-10
0.33928	2.18372E-10
0.339444	2.20734E-10
0.339608	2.22424E-10
0.339771	2.23203E-10
0.339935	2.2291E-10
0.340098	2.22264E-10
0.340261	2.22446E-10
0.340425	2.23875E-10
0.340588	2.25962E-10
0.340751	2.2758E-10
0.340914	2.26598E-10
0.341077	2.35885E-10
0.34124	2.33398E-10
0.341402	2.30595E-10
0.341565	2.29207E-10
0.341728	2.29528E-10
0.34189	2.30228E-10
0.342053	2.19243E-10
0.342215	2.18767E-10
0.342377	2.1421E-10
0.34254	2.08006E-10
0.342702	2.01422E-10
0.342864	1.9647E-10
0.343026	1.94206E-10
0.343188	1.9475E-10
0.34335	2.40167E-10
0.343511	2.46782E-10
0.343673	2.51156E-10
0.343835	2.52113E-10
0.343996	2.50602E-10
0.344158	2.50268E-10
0.344319	2.50697E-10
0.34448	2.65288E-10
0.344642	2.69689E-10
0.344803	2.72747E-10
0.344964	2.72907E-10
0.345125	2.69229E-10
0.345286	2.23719E-10
0.345447	2.20291E-10
0.345607	2.1777E-10
0.345768	2.17661E-10
0.345929	2.20572E-10
0.346089	2.26297E-10
0.34625	2.33339E-10
0.34641	2.39578E-10
0.346571	2.41899E-10
0.346731	2.40004E-10
0.346891	2.28393E-10
0.347051	2.27411E-10
0.347211	2.27294E-10
0.347371	2.28853E-10
0.347531	2.30187E-10
0.347691	2.29878E-10
0.347851	2.26641E-10
0.34801	2.20467E-10
0.34817	2.13288E-10
0.348329	2.07588E-10
0.348489	2.0456E-10
0.348648	2.04385E-10
0.348807	2.06688E-10
0.348967	2.10864E-10
0.349126	2.15157E-10
0.349285	2.18444E-10
0.349444	2.20525E-10
0.349603	2.22139E-10
0.349762	2.24352E-10
0.349921	2.2793E-10
0.350079	2.32638E-10
0.350238	2.37048E-10
0.350397	2.22865E-10
0.350555	2.21094E-10
0.350714	2.17975E-10
0.350872	2.1522E-10
0.35103	2.13968E-10
0.351188	2.14489E-10
0.351347	2.16377E-10
0.351505	2.33014E-10
0.351663	2.31658E-10
0.351821	2.26759E-10
0.351979	2.19041E-10
0.352136	2.10663E-10
0.352294	2.03605E-10
0.352452	1.98992E-10
0.352609	1.97273E-10
0.352767	1.98323E-10
0.352924	2.0159E-10
0.353082	2.06048E-10
0.353239	2.10301E-10
0.353396	2.13082E-10
0.353553	2.1421E-10
0.35371	2.14615E-10
0.353868	2.15433E-10
0.354024	2.17479E-10
0.354181	2.20839E-10
0.354338	2.24904E-10
0.354495	2.28759E-10
0.354652	2.31809E-10
0.354808	2.342E-10
0.354965	2.36643E-10
0.355121	2.39742E-10
0.355278	2.43568E-10
0.355434	2.47445E-10
0.35559	2.499E-10
0.355746	2.4869E-10
0.355903	2.42794E-10
0.356059	2.34327E-10
0.356215	2.26684E-10
0.356371	2.22071E-10
0.356526	2.2114E-10
0.356682	2.23573E-10
0.356838	2.28277E-10
0.356994	2.33211E-10
0.357149	2.35694E-10
0.357305	2.34259E-10
0.35746	2.30166E-10
0.357616	2.25897E-10
0.357771	2.23394E-10
0.357926	2.23841E-10
0.358081	2.27792E-10
0.358236	2.35071E-10
0.358391	2.443E-10
0.358546	2.52533E-10
0.358701	2.56491E-10
0.358856	2.55851E-10
0.359011	2.53059E-10
0.359166	2.50903E-10
0.35932	2.51203E-10
0.359475	2.54239E-10
0.359629	2.58367E-10
0.359784	2.60867E-10
0.359938	2.59203E-10
0.360093	2.53628E-10
0.360247	2.47056E-10
0.360401	2.42277E-10
0.360555	2.40266E-10
0.360709	2.405E-10
0.360863	2.41225E-10
0.361017	2.40086E-10
0.361171	2.36018E-10
0.361325	2.30094E-10
0.361478	2.2354E-10
0.361632	2.18767E-10
0.361786	2.29796E-10
0.361939	2.31497E-10
0.362093	2.3423E-10
0.362246	2.36728E-10
0.362399	2.37655E-10
0.362553	2.35894E-10
0.362706	2.3214E-10
0.362859	2.28298E-10
0.363012	2.25582E-10
0.363165	2.24816E-10
0.363318	2.26394E-10
0.363471	2.29279E-10
0.363624	2.31829E-10
0.363776	2.31336E-10
0.363929	2.26351E-10
0.364082	2.19291E-10
0.364234	2.15695E-10
0.364387	2.15345E-10
0.364539	2.15993E-10
0.364692	2.176E-10
0.364844	2.2056E-10
0.364996	2.23573E-10
0.365148	2.2465E-10
0.3653	2.22389E-10
0.365453	2.1836E-10
0.365605	2.14786E-10
0.365756	2.13442E-10
0.365908	2.15144E-10
0.36606	2.19858E-10
0.366212	2.27176E-10
0.366364	2.34569E-10
0.366515	2.39424E-10
0.366667	2.39378E-10
0.366818	2.28655E-10
0.36697	2.25821E-10
0.367121	2.23964E-10
0.367272	2.24275E-10
0.367423	2.24849E-10
0.367575	2.24097E-10
0.367726	2.20256E-10
0.367877	2.13507E-10
0.368028	2.05834E-10
0.368179	2.53506E-10
0.36833	2.50697E-10
0.36848	2.50586E-10
0.368631	2.52781E-10
0.368782	2.56357E-10
0.368932	2.57945E-10
0.369083	2.56387E-10
0.369233	2.52331E-10
0.369384	2.47593E-10
0.369534	2.28382E-10
0.369685	2.33349E-10
0.369835	2.37282E-10
0.369985	2.38636E-10
0.370135	2.36256E-10
0.370285	2.30381E-10
0.370435	2.22378E-10
0.370585	2.14337E-10
0.370735	2.07825E-10
0.370885	2.03693E-10
0.371035	2.02198E-10
0.371184	2.03069E-10
0.371334	2.05373E-10
0.371484	2.0742E-10
0.371633	2.07686E-10
0.371782	2.05862E-10
0.371932	2.03174E-10
0.372081	2.011E-10
0.372231	2.0073E-10
0.37238	2.02379E-10
0.372529	2.05344E-10
0.372678	2.08103E-10
0.372827	2.08793E-10
0.372976	2.06561E-10
0.373125	2.02545E-10
0.373274	1.99111E-10
0.373423	1.97492E-10
0.373571	1.98275E-10
0.37372	2.01743E-10
0.373869	2.07812E-10
0.374017	2.15832E-10
0.374166	2.24363E-10
0.374314	2.31033E-10
0.374463	2.34268E-10
0.374611	2.35426E-10
0.374759	2.36473E-10
0.374907	2.38286E-10
0.375056	2.49788E-10
0.375204	2.53827E-10
0.375352	2.54702E-10
0.3755	2.50848E-10
0.375648	2.43282E-10
0.375795	2.35273E-10
0.375943	2.29641E-10
0.376091	2.27835E-10
0.376239	2.29992E-10
0.376386	2.35752E-10
0.376534	2.43308E-10
0.376681	2.34927E-10
0.376829	2.33073E-10
0.376976	2.21094E-10
0.377124	2.20104E-10
0.377271	2.20256E-10
0.377418	2.23237E-10
0.377565	2.27665E-10
0.377712	2.32339E-10
0.377859	2.35225E-10
0.378006	2.34724E-10
0.378153	2.31346E-10
0.3783	2.26856E-10
0.378447	2.23023E-10
0.378594	2.32915E-10
0.378741	2.31447E-10
0.378887	2.31899E-10
0.379034	2.33083E-10
0.37918	2.32279E-10
0.379327	2.38976E-10
0.379473	2.32885E-10
0.37962	2.24969E-10
0.379766	2.1836E-10
0.379912	2.14603E-10
0.380058	2.13622E-10
0.380205	2.0683E-10
0.380351	2.09382E-10
0.380497	2.09965E-10
0.380643	2.08228E-10
0.380789	2.04939E-10
0.380935	2.01667E-10
0.38108	1.99797E-10
0.381226	1.99687E-10
0.381372	2.09341E-10
0.381517	2.1281E-10
0.381663	2.15232E-10
0.381809	2.14843E-10
0.381954	2.55387E-10
0.382099	2.50132E-10
0.382245	2.46232E-10
0.38239	2.45997E-10
0.382535	2.49804E-10
0.382681	2.56239E-10
0.382826	2.16339E-10
0.382971	2.23405E-10
0.383116	2.28246E-10
0.383261	2.29321E-10
0.383406	2.19952E-10
0.383551	2.20256E-10
0.383695	2.21613E-10
0.38384	2.33722E-10
0.383985	2.38231E-10
0.38413	2.40356E-10
0.384274	2.38563E-10
0.384419	2.32747E-10
0.384563	2.2509E-10
0.384708	2.17891E-10
0.384852	2.12641E-10
0.384996	2.09775E-10
0.385141	2.08752E-10
0.385285	2.08449E-10
0.385429	2.07476E-10
0.385573	2.044E-10
0.385717	1.95121E-10
0.385861	1.93113E-10
0.386005	1.91425E-10
0.386149	1.91389E-10
0.386293	1.9339E-10
0.386437	1.97856E-10
0.38658	2.0491E-10
0.386724	2.14375E-10
0.386868	2.26049E-10
0.387000	2.929615E-10
0.388000	2.410465E-10
0.389000	2.387498E-10
0.390000	3.607537E-10
0.391000	3.271007E-10
0.392000	2.630425E-10
0.393000	2.618688E-10
0.394000	2.458705E-10
0.395000	2.560767E-10
0.396000	2.685646E-10
0.397000	2.567273E-10
0.398000	2.682440E-10
0.399000	2.406369E-10
0.400000	2.095666E-10
0.401000	1.979043E-10
0.402000	1.755447E-10
0.403000	1.773458E-10
0.404000	2.145537E-10
0.405000	2.128436E-10
0.406000	2.405513E-10
0.407000	2.557638E-10
0.408000	2.424806E-10
0.409000	2.366192E-10
0.410000	2.371930E-10
0.411000	2.130904E-10
0.412000	2.172542E-10
0.413000	2.565722E-10
0.414000	2.967194E-10
0.415000	2.484755E-10
0.416000	2.211254E-10
0.417000	2.337976E-10
0.418000	2.349826E-10
0.419000	2.220458E-10
0.420000	2.315836E-10
0.421000	2.139477E-10
0.422000	2.135081E-10
0.423000	2.242979E-10
0.424000	1.843660E-10
0.425000	1.776123E-10
0.426000	1.937292E-10
0.427000	2.287286E-10
0.428000	2.257003E-10
0.429000	2.175327E-10
0.430000	2.432297E-10
0.431000	2.475534E-10
0.432000	2.043077E-10
0.433000	2.461747E-10
0.434000	2.395170E-10
0.435000	2.173239E-10
0.436000	2.278267E-10
0.437000	2.256381E-10
0.438000	2.439062E-10
0.439000	2.223934E-10
0.440000	2.133118E-10
0.441000	2.018887E-10
0.442000	2.123722E-10
0.443000	2.225450E-10
0.444000	2.409784E-10
0.445000	2.405342E-10
0.446000	2.364029E-10
0.447000	2.424304E-10
0.448000	2.408078E-10
0.449000	2.342812E-10
0.450000	2.151547E-10
0.451000	2.007786E-10
0.452000	1.969516E-10
0.453000	2.106335E-10
0.454000	2.337417E-10
0.455000	2.609210E-10
0.456000	2.306178E-10
0.457000	2.350744E-10
0.458000	2.280884E-10
0.459000	2.199025E-10
0.460000	2.418426E-10
0.461000	2.451293E-10
0.462000	2.202603E-10
0.463000	2.292251E-10
0.464000	2.192720E-10
0.465000	2.330666E-10
0.466000	2.138258E-10
0.467000	2.108882E-10
0.468000	2.271788E-10
0.469000	2.456134E-10
0.470000	2.337230E-10
0.471000	2.228472E-10
0.472000	2.324617E-10
0.473000	2.342256E-10
0.474000	2.174864E-10
0.475000	2.077426E-10
0.476000	2.356595E-10
0.477000	2.579862E-10
0.478000	2.380106E-10
0.479000	2.166472E-10
0.480000	2.125214E-10
0.481000	2.217621E-10
0.482000	2.093201E-10
0.483000	2.036898E-10
0.484000	2.190455E-10
0.485000	2.158218E-10
0.486000	2.284092E-10
0.487000	2.218495E-10
0.488000	2.192946E-10
0.489000	2.134346E-10
0.490000	2.225017E-10
0.491000	2.347802E-10
0.492000	2.505778E-10
0.493000	2.222415E-10
0.494000	2.356960E-10
0.495000	2.210592E-10
0.496000	2.086934E-10
0.497000	1.957469E-10
0.498000	1.860825E-10
0.499000	1.927046E-10
0.500000	1.982571E-10
0.501000	2.062643E-10
0.502000	2.017437E-10
0.503000	2.062643E-10
0.504000	2.176484E-10
0.505000	1.781419E-10
0.506000	1.895985E-10
0.507000	2.379752E-10
0.508000	2.449348E-10
0.509000	2.143845E-10
0.510000	2.307731E-10
0.511000	2.523174E-10
0.512000	2.470015E-10
0.513000	2.314684E-10
0.514000	2.105569E-10
0.515000	2.373893E-10
0.516000	2.312566E-10
0.517000	2.031374E-10
0.518000	1.968032E-10
0.519000	2.249710E-10
0.520000	1.994397E-10
0.521000	1.809932E-10
0.522000	1.874005E-10
0.523000	2.058556E-10
0.524000	2.059375E-10
0.525000	1.952123E-10
0.526000	1.989117E-10
0.527000	2.114452E-10
0.528000	2.415217E-10
0.529000	2.631473E-10
0.530000	2.579445E-10
0.531000	2.199473E-10
0.532000	2.169046E-10
0.533000	2.047535E-10
0.534000	2.036616E-10
0.535000	2.161531E-10
0.536000	2.486152E-10
0.537000	2.277864E-10
0.538000	2.337417E-10
0.539000	2.613762E-10
0.540000	2.109390E-10
0.541000	2.184304E-10
0.542000	2.331419E-10
0.543000	2.440539E-10
0.544000	2.257418E-10
0.545000	2.086409E-10
0.546000	2.482888E-10
0.547000	2.272194E-10
0.548000	2.291261E-10
0.549000	2.616827E-10
0.550000	2.460947E-10
0.551000	2.438568E-10
0.552000	2.672128E-10
0.553000	2.589252E-10
0.554000	2.576105E-10
0.555000	2.234907E-10
0.556000	2.115208E-10
0.557000	2.120979E-10
0.558000	2.205943E-10
0.559000	1.965604E-10
0.560000	1.979197E-10
0.561000	2.152743E-10
0.562000	1.997246E-10
0.563000	2.028667E-10
0.564000	2.290070E-10
0.565000	2.021273E-10
0.566000	2.193624E-10
0.567000	2.234693E-10
0.568000	2.381519E-10
0.569000	2.488786E-10
0.570000	2.900354E-10
0.571000	3.101614E-10
0.572000	2.967194E-10
0.573000	2.819334E-10
0.574000	2.685892E-10
0.575000	2.430638E-10
0.576000	2.166003E-10
0.577000	2.005130E-10
0.578000	2.083779E-10
0.579000	2.009257E-10
0.580000	2.092421E-10
0.581000	2.170680E-10
0.582000	2.053068E-10
0.583000	2.289077E-10
0.584000	2.127446E-10
0.585000	2.243190E-10
0.586000	2.533354E-10
0.587000	2.227610E-10
0.588000	1.949393E-10
0.589000	1.916972E-10
0.590000	1.930866E-10
0.591000	1.998293E-10
0.592000	2.134836E-10
0.593000	2.222198E-10
0.594000	2.064542E-10
0.595000	2.054169E-10
0.596000	2.274021E-10
0.597000	2.533793E-10
0.598000	2.302280E-10
0.599000	1.963560E-10
0.600000	1.939829E-10
0.601000	2.088506E-10
0.602000	2.252010E-10
0.603000	2.644331E-10
0.604000	2.464141E-10
0.605000	2.144329E-10
0.606000	2.058282E-10
0.607000	2.117723E-10
0.608000	2.300520E-10
0.609000	2.111672E-10
0.610000	2.218495E-10
0.611000	2.592953E-10
0.612000	2.385920E-10
0.613000	2.139963E-10
0.614000	2.145537E-10
0.615000	2.350561E-10
0.616000	2.552779E-10
0.617000	2.324047E-10
0.618000	2.382225E-10
0.619000	2.516169E-10
0.620000	2.812714E-10
0.621000	2.918937E-10
0.622000	3.364477E-10
0.623000	3.586017E-10
0.624000	2.998457E-10
0.625000	2.424304E-10
0.626000	2.567132E-10
0.627000	2.427477E-10
0.628000	2.721596E-10
0.629000	2.147466E-10
0.630000	2.089552E-10
0.631000	2.141422E-10
0.632000	2.235334E-10
0.633000	1.961904E-10
0.634000	1.973018E-10
0.635000	1.973483E-10
0.636000	2.163182E-10
0.637000	2.199697E-10
0.638000	1.951000E-10
0.639000	1.843470E-10
0.640000	2.055817E-10
0.641000	2.229333E-10
0.642000	1.960640E-10
0.643000	2.111166E-10
0.644000	2.203718E-10
0.645000	2.332359E-10
0.646000	2.255342E-10
0.647000	2.186132E-10
0.648000	2.403112E-10
0.649000	2.270567E-10
0.650000	2.592406E-10
0.651000	2.882204E-10
0.652000	2.823897E-10
0.653000	3.202100E-10
0.654000	2.908915E-10
0.655000	2.596229E-10
0.656000	3.254810E-10
0.657000	2.652034E-10
0.658000	2.507443E-10
0.659000	2.705607E-10
0.660000	2.627933E-10
0.661000	2.815603E-10
0.662000	2.719464E-10
0.663000	2.280683E-10
0.664000	2.390122E-10
0.665000	2.263610E-10
0.666000	2.291657E-10
0.667000	2.466686E-10
0.668000	2.705367E-10
0.669000	2.609613E-10
0.670000	3.056866E-10
0.671000	2.573171E-10
0.672000	2.661443E-10
0.673000	2.618157E-10
0.674000	2.680585E-10
0.675000	2.583879E-10
0.676000	2.832015E-10
0.677000	3.028771E-10
0.678000	2.759245E-10
0.679000	2.397076E-10
0.680000	2.587603E-10
0.681000	2.626486E-10
0.682000	2.698477E-10
0.683000	2.614963E-10
0.684000	3.017032E-10
0.685000	2.682687E-10
0.686000	3.229627E-10
0.687000	2.912493E-10
0.688000	2.992780E-10
0.689000	2.834845E-10
0.690000	2.781558E-10
0.691000	2.786309E-10
0.692000	3.209625E-10
0.693000	2.855343E-10
0.694000	2.902696E-10
0.695000	2.841623E-10
0.696000	2.847217E-10
0.697000	2.737191E-10
0.698000	2.869271E-10
0.699000	2.775779E-10
0.700000	2.605174E-10
0.701000	2.986356E-10
0.702000	2.822838E-10
0.703000	2.346142E-10
0.704000	2.704885E-10
0.705000	2.804212E-10
0.706000	2.380636E-10
0.707000	2.510161E-10
0.708000	2.765578E-10
0.709000	2.928856E-10
0.710000	2.624774E-10
0.711000	3.127497E-10
0.712000	2.973018E-10
0.713000	3.003045E-10
0.714000	3.037316E-10
0.715000	2.912107E-10
0.716000	2.690800E-10
0.717000	2.671878E-10
0.718000	2.487393E-10
0.719000	2.687367E-10
0.720000	2.973381E-10
0.721000	3.063854E-10
0.722000	3.080626E-10
0.723000	3.338126E-10
0.724000	3.550117E-10
0.725000	2.875809E-10
0.726000	2.691656E-10
0.727000	2.888556E-10
0.728000	2.782111E-10
0.729000	3.263351E-10
0.730000	2.740209E-10
0.731000	2.904644E-10
0.732000	3.030828E-10
0.733000	3.022228E-10
0.734000	2.734046E-10
0.735000	2.829176E-10
0.736000	2.975555E-10
0.737000	3.082256E-10
0.738000	2.833274E-10
0.739000	2.660177E-10
0.740000	2.821565E-10
0.741000	2.863602E-10
0.742000	2.779117E-10
0.743000	2.755264E-10
0.744000	2.899181E-10
0.745000	3.172649E-10
0.746000	2.879411E-10
0.747000	2.933023E-10
0.748000	3.265270E-10
0.749000	3.287236E-10
0.750000	3.516170E-10
0.751000	3.719427E-10
0.752000	3.568937E-10
0.753000	3.853926E-10
0.754000	3.390467E-10
0.755000	3.367228E-10
0.756000	3.812442E-10
0.757000	3.528391E-10
0.758000	3.281313E-10
0.759000	2.754922E-10
0.760000	2.863704E-10
0.761000	2.479610E-10
0.762000	2.898789E-10
0.763000	2.764676E-10
0.764000	3.114952E-10
0.765000	2.674125E-10
0.766000	2.811857E-10
0.767000	3.064848E-10
0.768000	3.197150E-10
0.769000	2.848146E-10
0.770000	2.688227E-10
0.771000	2.649089E-10
0.772000	2.702714E-10
0.773000	2.544136E-10
0.774000	3.011112E-10
0.775000	3.381870E-10
0.776000	2.859226E-10
0.777000	2.810676E-10
0.778000	2.739861E-10
0.779000	2.733230E-10
0.780000	2.703559E-10
0.781000	2.493413E-10
0.782000	2.426977E-10
0.783000	2.681946E-10
0.784000	2.358051E-10
0.785000	2.576523E-10
0.786000	2.255134E-10
0.787000	2.480079E-10
0.788000	2.757768E-10
0.789000	2.795412E-10
0.790000	2.667618E-10
0.791000	3.018421E-10
0.792000	3.068485E-10
0.793000	2.929615E-10
0.794000	2.726549E-10
0.795000	2.772205E-10
0.796000	2.503654E-10
0.797000	2.687490E-10
0.798000	2.773323E-10
0.799000	2.779672E-10
0.800000	2.675247E-10
0.801000	2.738237E-10
0.802000	2.697141E-10
0.803000	3.028427E-10
0.804000	2.826857E-10
0.805000	2.998103E-10
0.806000	2.811106E-10
0.807000	3.080300E-10
0.808000	2.853395E-10
0.809000	2.478045E-10
0.810000	2.952483E-10
0.811000	2.690678E-10
0.812000	2.802047E-10
0.813000	2.997395E-10
0.814000	2.675620E-10
0.815000	2.519157E-10
0.816000	2.843699E-10
0.817000	2.891322E-10
0.818000	2.537450E-10
0.819000	2.940928E-10
0.820000	2.971928E-10
0.821000	2.857286E-10
0.822000	2.668246E-10
0.823000	2.779672E-10
0.824000	2.600984E-10
0.825000	2.761172E-10
0.826000	3.138969E-10
0.827000	2.953594E-10
0.828000	2.468749E-10
0.829000	2.591858E-10
0.830000	3.087778E-10
0.831000	3.023264E-10
0.832000	3.367228E-10
0.833000	3.004804E-10
0.834000	3.302963E-10
0.835000	2.754465E-10
0.836000	2.950999E-10
0.837000	3.132473E-10
0.838000	3.147873E-10
0.839000	2.789720E-10
0.840000	3.570404E-10
0.841000	3.109574E-10
0.842000	2.826857E-10
0.843000	3.101933E-10
0.844000	2.798355E-10
0.845000	3.183641E-10
0.846000	3.146649E-10
0.847000	2.701747E-10
0.848000	2.763095E-10
0.849000	3.264448E-10
0.850000	3.028771E-10
0.851000	3.062526E-10
0.852000	3.278611E-10
0.853000	3.125937E-10
0.854000	3.066503E-10
0.855000	3.075066E-10
0.856000	2.950628E-10
0.857000	3.189536E-10
0.858000	3.175929E-10
0.859000	2.943549E-10
0.860000	3.375441E-10
0.861000	3.047138E-10
0.862000	3.054192E-10
0.863000	3.107987E-10
0.864000	3.367478E-10
0.865000	2.963903E-10
0.866000	2.684784E-10
0.867000	3.058534E-10
0.868000	3.322376E-10
0.869000	3.020153E-10
0.870000	2.578055E-10
0.871000	2.854830E-10
0.872000	2.825801E-10
0.873000	2.754351E-10
0.874000	2.719820E-10
0.875000	3.253703E-10
0.876000	2.978808E-10
0.877000	3.474408E-10
0.878000	3.276172E-10
0.879000	3.003749E-10
0.880000	3.596722E-10
0.881000	3.606317E-10
0.882000	3.554585E-10
0.883000	3.512655E-10
0.884000	3.411798E-10
0.885000	2.990287E-10
0.886000	3.252873E-10
0.887000	3.167260E-10
0.888000	3.087778E-10
0.889000	2.930752E-10
0.890000	3.172350E-10
0.891000	3.391201E-10
0.892000	3.172948E-10
0.893000	2.604905E-10
0.894000	3.019460E-10
0.895000	2.907364E-10
0.896000	2.950257E-10
0.897000	3.011112E-10
0.898000	3.109574E-10
0.899000	3.549691E-10
0.900000	3.710312E-10
0.901000	4.298298E-10
0.902000	4.110811E-10
0.903000	4.364026E-10
0.904000	3.226509E-10
0.905000	3.524259E-10
0.906000	2.896437E-10
0.907000	3.209048E-10
0.908000	3.271007E-10
0.909000	3.125937E-10
0.910000	2.945790E-10
0.911000	3.397297E-10
0.912000	3.477587E-10
0.913000	3.510232E-10
0.914000	3.646904E-10
0.915000	3.207026E-10
0.916000	3.025677E-10
0.917000	3.164555E-10
0.918000	3.186298E-10
0.919000	3.173843E-10
0.920000	3.357191E-10
0.921000	2.997749E-10
0.922000	3.314285E-10
0.923000	3.128120E-10
0.924000	3.283740E-10
0.925000	3.018074E-10
0.926000	2.890927E-10
0.927000	3.091335E-10
0.928000	3.697173E-10
0.929000	3.569985E-10
0.930000	3.416351E-10
0.931000	3.307980E-10
0.932000	3.430848E-10
0.933000	3.553735E-10
0.934000	3.235556E-10
0.935000	3.205579E-10
0.936000	2.748169E-10
0.937000	2.649602E-10
0.938000	3.403120E-10
0.939000	4.092707E-10
0.940000	3.619462E-10
0.941000	3.327047E-10
0.942000	3.485046E-10
0.943000	3.169659E-10
0.944000	2.681822E-10
0.945000	3.572289E-10
0.946000	3.088749E-10
0.947000	3.156702E-10
0.948000	2.933401E-10
0.949000	2.812286E-10
0.950000	2.622662E-10
0.951000	2.672628E-10
0.952000	3.055864E-10
0.953000	2.839438E-10
0.954000	3.143584E-10
0.955000	2.971202E-10
0.956000	3.006560E-10
0.957000	3.320554E-10
0.958000	2.872998E-10
0.959000	3.009713E-10
0.960000	3.256745E-10
0.961000	3.593644E-10
0.962000	3.162748E-10
0.963000	3.048485E-10
0.964000	3.120616E-10
0.965000	3.186887E-10
0.966000	3.323156E-10
0.967000	3.096166E-10
0.968000	2.804212E-10
0.969000	3.328858E-10
0.970000	3.389977E-10
0.971000	3.119988E-10
0.972000	2.826013E-10
0.973000	2.987787E-10
0.974000	3.076704E-10
0.975000	3.328599E-10
0.976000	2.821353E-10
0.977000	2.848146E-10
0.978000	3.274544E-10
0.979000	2.626223E-10
0.980000	3.191884E-10
0.981000	3.409634E-10
0.982000	3.156702E-10
0.983000	3.219958E-10
0.984000	2.751494E-10
0.985000	3.336844E-10
0.986000	2.828123E-10
0.987000	3.567467E-10
0.988000	3.156399E-10
0.989000	3.024299E-10
0.990000	3.093914E-10
0.991000	2.867352E-10
0.992000	2.748399E-10
0.993000	2.985998E-10
0.994000	3.093592E-10
0.995000	2.989930E-10
0.996000	3.358954E-10
0.997000	2.913168E-10
0.998000	2.981690E-10
0.999000	3.368476E-10
1.000000	3.162447E-10
1.001000	3.265270E-10
1.002000	3.618456E-10
1.003000	3.744200E-10
1.004000	3.966365E-10
1.005000	3.529042E-10
1.006000	3.723498E-10
1.007000	3.968809E-10
1.008000	3.556282E-10
1.009000	3.767420E-10
1.010000	3.625080E-10
1.011000	3.742017E-10
1.012000	3.692256E-10
1.013000	3.501823E-10
1.014000	3.254257E-10
1.015000	3.314809E-10
1.016000	3.255363E-10
1.017000	3.409875E-10
1.018000	3.860738E-10
1.019000	3.636636E-10
1.020000	4.002696E-10
1.021000	3.488196E-10
1.022000	3.642768E-10
1.023000	3.993145E-10
1.024000	3.707508E-10
1.025000	3.204131E-10
1.026000	4.291557E-10
1.027000	4.600648E-10
1.028000	3.614625E-10
1.029000	3.404571E-10
1.030000	3.671622E-10
1.031000	3.568727E-10
1.032000	3.334788E-10
1.033000	4.012180E-10
1.034000	4.245950E-10
1.035000	4.392659E-10
1.036000	4.066725E-10
1.037000	3.575214E-10
1.038000	3.405537E-10
1.039000	3.487297E-10
1.040000	3.318468E-10
1.041000	4.076051E-10
1.042000	3.998377E-10
1.043000	4.393109E-10
1.044000	4.206021E-10
1.045000	4.335754E-10
1.046000	4.336222E-10
1.047000	4.167558E-10
1.048000	3.921281E-10
1.049000	3.098733E-10
1.050000	3.859578E-10
1.051000	3.393155E-10
1.052000	3.236400E-10
1.053000	3.115583E-10
1.054000	4.097290E-10
1.055000	3.669308E-10
1.056000	3.994791E-10
1.057000	5.125222E-10
1.058000	3.735082E-10
1.059000	4.094515E-10
1.060000	3.613211E-10
1.061000	4.076192E-10
1.062000	3.778783E-10
1.063000	3.817423E-10
1.064000	3.541561E-10
1.065000	3.646510E-10
1.066000	4.411885E-10
1.067000	4.541133E-10
1.068000	4.127458E-10
1.069000	3.752168E-10
1.070000	3.413957E-10
1.071000	4.462964E-10
1.072000	4.199855E-10
1.073000	3.041392E-10
1.074000	3.793543E-10
1.075000	4.263778E-10
1.076000	3.475545E-10
1.077000	3.347318E-10
1.078000	4.064738E-10
1.079000	3.666989E-10
1.080000	3.847411E-10
1.081000	3.554585E-10
1.082000	3.385562E-10
1.083000	3.372958E-10
1.084000	3.719242E-10
1.085000	3.864214E-10
1.086000	3.524477E-10
1.087000	4.018514E-10
1.088000	3.649457E-10
1.089000	4.015425E-10
1.090000	3.508246E-10
1.091000	4.509853E-10
1.092000	3.846909E-10
1.093000	3.427063E-10
1.094000	3.261153E-10
1.095000	4.162278E-10
1.096000	4.504854E-10
1.097000	4.359429E-10
1.098000	3.702445E-10
1.099000	3.867845E-10
1.100000	4.843917E-10
1.101000	4.487226E-10
1.102000	4.101720E-10
1.103000	4.399842E-10
1.104000	5.189731E-10
1.105000	4.221825E-10
1.106000	4.411441E-10
1.107000	3.876714E-10
1.108000	3.526436E-10
1.109000	4.499420E-10
1.110000	3.841705E-10
1.111000	3.668149E-10
1.112000	3.910959E-10
1.113000	3.970790E-10
1.114000	3.776837E-10
1.115000	3.357443E-10
1.116000	3.777368E-10
1.117000	3.652592E-10
1.118000	3.338126E-10
1.119000	3.885198E-10
1.120000	4.309304E-10
1.121000	4.061041E-10
1.122000	4.601823E-10
1.123000	4.027303E-10
1.124000	4.290591E-10
1.125000	3.507583E-10
1.126000	4.038354E-10
1.127000	4.250925E-10
1.128000	3.208759E-10
1.129000	3.407467E-10
1.130000	4.067009E-10
1.131000	4.457375E-10
1.132000	3.884873E-10
1.133000	4.128542E-10
1.134000	4.610411E-10
1.135000	5.059948E-10
1.136000	3.508908E-10
1.137000	3.366728E-10
1.138000	3.640002E-10
1.139000	4.314538E-10
1.140000	3.802421E-10
1.141000	3.935908E-10
1.142000	3.475318E-10
1.143000	4.230920E-10
1.144000	4.460816E-10
1.145000	4.100199E-10
1.146000	4.442656E-10
1.147000	4.516078E-10
1.148000	4.558146E-10
1.149000	3.823239E-10
1.150000	3.795463E-10
1.151000	3.976718E-10
1.152000	3.989996E-10
1.153000	3.529693E-10
1.154000	3.349604E-10
1.155000	3.814849E-10
1.156000	4.375000E-10
1.157000	3.666215E-10
1.158000	3.966060E-10
1.159000	4.423830E-10
1.160000	4.251422E-10
1.161000	3.911597E-10
1.162000	3.368476E-10
1.163000	4.145781E-10
1.164000	3.882919E-10
1.165000	3.567467E-10
1.166000	3.668728E-10
1.167000	4.479182E-10
1.168000	4.512761E-10
1.169000	4.060187E-10
1.170000	4.361269E-10
1.171000	6.320667E-10
1.172000	1.057629E-09
1.173000	1.234073E-09
1.174000	1.451312E-09
1.175000	1.591475E-09
1.176000	1.687715E-09
1.177000	1.797586E-09
1.178000	1.873953E-09
1.179000	1.965165E-09
1.180000	2.061441E-09
1.181000	2.127331E-09
1.182000	2.189008E-09
1.183000	2.268378E-09
1.184000	2.329067E-09
1.185000	2.401872E-09
1.186000	2.460577E-09
1.187000	2.484608E-09
1.188000	2.566546E-09
1.189000	2.617895E-09
1.190000	2.658732E-09
1.191000	2.703521E-09
1.192000	2.798255E-09
1.193000	2.838558E-09
1.194000	2.862006E-09
1.195000	2.885379E-09
1.196000	2.932817E-09
1.197000	3.005914E-09
1.198000	3.052154E-09
1.199000	3.106857E-09
1.200000	3.164499E-09
1.201000	3.204534E-09
1.202000	3.202871E-09
1.203000	3.265899E-09
1.204000	3.274388E-09
1.205000	3.307810E-09
1.206000	3.417011E-09
1.207000	3.380598E-09
1.208000	3.452010E-09
1.209000	3.462973E-09
1.210000	3.488280E-09
1.211000	3.549941E-09
1.212000	3.461468E-09
1.213000	3.620789E-09
1.214000	3.565210E-09
1.215000	3.600541E-09
1.216000	3.778398E-09
1.217000	3.791653E-09
1.218000	3.720600E-09
1.219000	3.651662E-09
1.220000	3.769386E-09
1.221000	3.717259E-09
1.222000	3.860552E-09
1.223000	3.905650E-09
1.224000	3.987490E-09
1.225000	3.950758E-09
1.226000	4.018186E-09
1.227000	4.024673E-09
1.228000	4.023954E-09
1.229000	4.032559E-09
1.230000	4.037791E-09
1.231000	4.080312E-09
1.232000	4.043948E-09
1.233000	4.203641E-09
1.234000	4.213702E-09
1.235000	4.176239E-09
1.236000	4.140825E-09
1.237000	4.231961E-09
1.238000	4.201114E-09
1.239000	4.299001E-09
1.240000	4.346013E-09
1.241000	4.187775E-09
1.242000	4.346584E-09
1.243000	4.409151E-09
1.244000	4.304693E-09
1.245000	4.457918E-09
1.246000	4.403123E-09
1.247000	4.439461E-09
1.248000	4.516202E-09
1.249000	4.544434E-09
1.250000	4.581114E-09
1.31072 7.66168e-009
1.85364 1.11344e-008
2.62144 1.40572e-008
3.70728 2.2153e-008
5.24288 2.92734e-008
7.41455 4.06112e-008
74.1455 4.06112e-007
741.455 4.06112e-006
741.455 1
