       6.2447596          2000000
       6.2911021        1957374.2
       6.3376087        1915656.8
       6.3844689        1874828.6
       6.4316843        1834870.5
       6.4792577        1795764.1
        6.527192        1757491.1
       6.5754901        1720033.8
       6.6241548        1683374.9
       6.6731891        1647497.3
       6.7225959        1612384.3
       6.7723782        1578019.7
        6.822539        1544387.5
       6.8730812        1511472.1
        6.924008        1479258.2
       6.9753225        1447730.9
       7.0270276        1416875.5
       7.0791266        1386677.8
       7.1316226        1357123.6
       7.1845188        1328199.4
       7.2378184        1299891.6
       7.2915246        1272187.1
       7.3456408        1245073.1
       7.4001701        1218536.9
        7.455116        1192566.3
       7.5104818        1167149.3
       7.5662708        1142273.9
       7.6224865        1117928.7
       7.6791323        1094102.4
       7.7362118        1070783.9
       7.7937283        1047962.4
       7.8516855        1025627.2
       7.9100869        1003768.1
       7.9689361         982374.9
       8.0282367        961437.62
       8.0879924        940946.58
        8.148207        920892.26
        8.208884        901265.36
       8.2700274        882056.77
       8.3316408        863257.57
       8.3937282        844859.03
       8.4562933        826852.62
       8.5193401        809229.98
       8.5828726        791982.93
       8.6468946        775103.46
       8.7114102        758583.74
       8.7764235        742416.11
       8.8419412        726593.06
       8.9079693        711107.24
       8.9745076        695951.47
       9.0415603        681118.72
       9.1091316        666602.09
       9.1772259        652394.85
       9.2458473        638490.42
       9.3150003        624882.32
       9.3846892        611564.26
       9.4549186        598530.04
       9.5256928        585773.62
       9.5970163        573289.07
       9.6688938        561070.61
       9.7413298        549112.56
        9.814329        537409.37
        9.887896        525955.61
       9.9620356        514745.96
       10.036753        503775.22
       10.112052         493038.3
       10.187938        482530.22
       10.264416        472246.09
       10.341491        462181.15
       10.419167        452330.72
       10.497451        442690.23
       10.576347        433255.21
       10.655859        424021.28
       10.735994        414984.15
       10.816757        406139.63
       10.898153        397483.61
       10.980186        389012.07
       11.062863        380721.09
        11.14619        372606.81
        11.23017        364665.48
       11.314811        356893.39
       11.400118        349286.95
       11.486095        341842.63
        11.57275        334556.96
       11.660087        327426.58
       11.748113        320448.16
       11.836833        313618.48
       11.926254        306934.35
       12.016381        300392.69
        12.10722        293990.44
       12.198777        287724.65
        12.29106         281592.4
       12.384073        275590.84
       12.477823         269717.2
       12.572316        263968.74
        12.66756        258342.79
       12.763559        252836.75
       12.860322        247448.07
       12.957854        242174.23
       13.056162        237012.79
       13.155252        231961.35
       13.255132        227017.58
       13.355809        222179.17
       13.457289        217443.89
       13.559579        212809.52
       13.662687        208273.93
       13.766619        203835.01
       13.871382        199490.69
       13.976985        195238.96
       14.083434        191077.85
       14.190737        187005.42
       14.298901        183019.79
       14.407933         179119.1
       14.517842        175301.55
       14.628636        171565.37
       14.740321        167908.81
       14.852906        164330.18
       14.966398        160827.83
       15.080807        157400.12
       15.196139        154045.46
       15.312404         150762.3
       15.429609        147549.12
       15.547762        144404.42
       15.666873        141326.74
        15.78695        138314.65
       15.908001        135366.76
       16.030035         132481.7
       16.153061        129658.13
       16.277088        126894.74
       16.402125        124190.24
       16.528181        121543.38
       16.655265        118952.94
       16.783386        116417.71
       16.912554         113936.5
       17.042778        111508.19
       17.174068        109131.62
       17.306433        106805.71
       17.439884        104529.37
       17.574429        102301.54
        17.71008         100121.2
       17.846846        97987.322
       17.984738        95898.926
       18.123765         93855.04
       18.263938        91854.716
       18.405268        89897.024
       18.547765        87981.056
        18.69144        86105.923
       18.836304        84270.754
       18.982368        82474.699
       19.129642        80716.922
        19.27814        78996.609
        19.42787        77312.961
       19.578846        75665.196
       19.731078         74052.55
       19.884578        72474.275
       20.039359        70929.636
       20.195432        69417.919
       20.352809        67938.421
       20.511503        66490.455
       20.671525        65073.349
       20.832889        63686.446
       20.995607        62329.102
       21.159692        61000.687
       21.325157        59700.585
       21.492014        58428.191
       21.660278        57182.916
       21.829961        55964.181
       22.001077        54771.421
        22.17364        53604.082
       22.347663        52461.623
       22.523161        51343.513
       22.700147        50249.233
       22.878636        49178.275
       23.058643        48130.143
       23.240182        47104.349
       23.423268        46100.418
       23.607915        45117.883
        23.79414         44156.29
       23.981957         43215.19
       24.171381        42294.149
       24.362429        41392.737
       24.555116        40510.537
       24.749459        39647.139
       24.945473        38802.143
       25.143176        37975.156
       25.342583        37165.795
       25.543711        36373.683
       25.746577        35598.454
         25.9512        34839.747
       26.157595         34097.21
       26.365781        33370.499
       26.575775        32659.277
       26.787596        31963.212
       27.001261        31281.983
        27.21679        30615.273
         27.4342        29962.772
       27.653511        29324.178
       27.874742        28699.194
       28.097912         28087.53
       28.323041        27488.903
       28.550149        26903.035
       28.779255        26329.652
       29.010381        25768.491
       29.243546        25219.289
       29.478771        24681.792
       29.716078        24155.751
       29.955488        23640.922
       30.197022        23137.065
       30.440702        22643.947
       30.686551        22161.338
       30.934591        21689.015
       31.184844        21226.759
       31.437333        20774.355
       31.692083        20331.593
       31.949115        19898.267
       32.208455        19474.177
       32.470125        19059.126
       32.734152         18652.92
       33.000559        18255.372
       33.269371        17866.297
       33.540614        17485.514
       33.814314        17112.846
       34.090496        16748.122
       34.369188         16391.17
       34.650415        16041.827
       34.934205        15699.929
       35.220584        15365.317
       35.509582        15037.838
       35.801226        14717.337
       36.095544        14403.668
       36.392566        14096.684
        36.69232        13796.242
       36.994836        13502.204
       37.300144        13214.433
       37.608275        12932.795
       37.919259        12657.159
       38.233128        12387.398
       38.549913        12123.387
       38.869646        11865.002
        39.19236        11612.124
       39.518087        11364.636
       39.846861        11122.422
       40.178716        10885.371
       40.513685        10653.372
       40.851805        10426.318
       41.193109        10204.102
       41.537633        9986.6232
       41.885414        9773.7791
       42.236487        9565.4714
       42.590897        9361.6033
       42.948664        9162.0802
       43.309841        8966.8095
       43.674464        8775.7007
       44.042571        8588.6649
       44.414201        8405.6154
       44.789395        8226.4672
       45.168194        8051.1372
       45.550639         7879.544
       45.936773        7711.6079
       46.326637         7547.251
       46.720276        7386.3971
       47.117732        7228.9714
        47.51905         7074.901
       47.924276        6924.1142
       48.333457        6776.5411
       48.746645        6632.1133
       49.163936        6490.7636
        49.58566        6352.4265
       50.013162        6217.0377
       50.450072        6084.5345
       50.898943        5954.8553
       51.350302          5827.94
       51.789989        5703.7296
       52.222867        5582.1665
       52.662433        5463.1942
       53.112435        5346.7576
       53.570606        5232.8026
       54.034877        5121.2763
       54.504335         5012.127
       54.978686        4905.3039
       55.457871        4800.7576
        55.94191        4698.4395
       56.430852         4598.302
       56.924753        4500.2988
       57.423675        4404.3843
       57.927677         4310.514
       58.436824        4218.6444
       58.951179        4128.7328
       59.470806        4040.7374
       59.995772        3954.6175
       60.526143        3870.3331
       61.061987         3787.845
       61.603373         3707.115
       62.150371        3628.1055
       62.703051          3550.78
       63.261487        3475.1025
       63.825749         3401.038
       64.395914        3328.5519
       64.972057        3257.6108
       65.554253        3188.1816
       66.142582        3120.2321
       66.737121        3053.7309
       67.337951         2988.647
       67.945151        2924.9502
       68.558791         2862.611
       69.178862        2801.6004
       69.805134        2741.8901
       70.437182        2683.4524
       71.074695        2626.2602
       71.717456         2570.287
       72.365171        2515.5067
       73.017224        2461.8939
       73.672816        2409.4237
       74.331018        2358.0719
       74.990816        2307.8145
        75.65147        2258.6282
       76.312687        2210.4903
       76.974005        2163.3783
       77.633804        2117.2704
       78.289188        2072.1452
        78.93656        2027.9817
       79.572357        1984.7595
       80.194871        1942.4585
       80.807942         1901.059
       81.427088        1860.5419
       82.085103        1820.8883
        82.82535        1782.0799
       83.665978        1744.0986
       84.570088        1706.9268
       85.497308        1670.5472
       86.437519        1634.9429
       87.387227        1600.0975
       88.341697        1565.9948
       89.293131        1532.6189
       90.228067        1499.9543
       91.131779        1467.9859
       92.001517        1436.6988
        92.85055        1406.0786
       93.699937        1376.1109
       94.568775         1346.782
       95.468668        1318.0782
       96.402669        1289.9861
       97.367102        1262.4927
       98.354894        1235.5853
       99.358754        1209.2514
       100.37305        1183.4787
       101.39417        1158.2553
       102.42022        1133.5695
       103.45067        1109.4098
       104.48594        1085.7651
       105.52706        1062.6243
       106.57538        1039.9766
       107.63234        1017.8117
       108.69931        996.11916
       109.77745        974.88896
       110.86772        954.11123
       111.97086        933.77634
       113.08741        913.87484
       114.21778         894.3975
       115.36227        875.33528
        116.5211        856.67933
       117.69448          838.421
        118.8826         820.5518
       120.08564        803.06345
       121.30379        785.94782
       122.53725        769.19698
       123.78624        752.80315
       125.05096        736.75872
       126.33164        721.05624
       127.62852        705.68843
       128.94185        690.64815
       130.27186        675.92842
       131.61882        661.52242
       132.98298        647.42344
       134.36462        633.62496
         135.764        620.12057
        137.1814        606.90399
       138.61711        593.96909
       140.07141        581.30988
        141.5446        568.92047
       143.03698        556.79511
       144.54885        544.92819
       146.08052        533.31418
       147.63231         521.9477
       149.20455        510.82347
       150.79755        499.93633
       152.41166        489.28123
       154.04722        478.85322
       155.70458        468.64746
       157.38408        458.65922
        159.0861        448.88385
       160.81099        439.31683
       162.55913         429.9537
        164.3309        420.79013
        166.1267        411.82187
       167.94692        403.04474
       169.79195        394.45468
       171.66222         386.0477
       173.55813         377.8199
       175.48013        369.76746
       177.42864        361.88663
        179.4041        354.17377
       181.40697         346.6253
       183.43771         339.2377
       185.48947        332.00756
       187.57725        324.93151
       189.69433        318.00627
       191.84121        311.22863
       194.01839        304.59544
        196.2264        298.10362
       198.46575        291.75016
       200.73698        285.53212
       203.04064        279.44659
       205.37729        273.49077
       207.74749        267.66189
       210.15183        261.95723
        212.5909        256.37416
       215.06529        250.91008
       217.57562        245.56245
       220.12253         240.3288
       222.70664        235.20669
       225.32861        230.19375
        227.9891        225.28765
        230.6888        220.48611
       233.42839        215.78691
       236.20857        211.18786
       239.03008        206.68683
       241.89363        202.28173
       244.79999        197.97052
        247.7499        193.75119
       250.74416        189.62179
       253.78356        185.58039
       256.86891        181.62513
       260.00103        177.75417
       263.18078        173.96571
       266.40902          170.258
       269.68662         166.6293
       273.01449        163.07794
       276.39353        159.60228
        279.8247        156.20069
       283.30894         152.8716
       286.84723        149.61346
       290.44057        146.42476
       294.08998        143.30402
       297.79649        140.24979
       301.56116        137.26066
       305.38509        134.33523
       309.26937        131.47216
       313.21514         128.6701
       317.22356        125.92777
       321.29581        123.24388
       325.43309        120.61719
       329.63663        118.04649
        333.9077        115.53057
       338.24758        113.06828
        342.6576        110.65847
       347.13908        108.30001
       351.69342        105.99182
       356.32202        103.73283
       361.02632        101.52198
       365.80778        99.358248
       370.66791        97.240634
       375.60825        95.168153
       380.63037        93.139842
       385.73588         91.15476
       390.92643        89.211986
       396.20371        87.310618
       401.56943        85.449774
       407.02536         83.62859
       412.57331        81.846221
       418.21513         80.10184
        423.9527        78.394636
       429.78798        76.723817
       435.72293        75.088609
        441.7596        73.488252
       447.90005        71.922003
       454.14644        70.389135
       460.50093        68.888937
       466.99198        67.420713
       473.56952        65.983781
       480.26204        64.577474
       487.07194         63.20114
       494.00167        61.854139
       501.05378        60.535847
       508.23084        59.245651
       515.53552        57.982954
       522.97054        56.747168
        530.5387         55.53772
       538.24285        54.354049
       546.08595        53.195606
         554.071        52.061852
       562.20109        50.952263
       570.47941        49.866321
        578.9092        48.803524
       587.49382        47.763379
        596.2367        46.745402
       605.14197        45.749121
        614.2136        44.774074
       623.45445        43.819808
       632.86834         42.88588
       642.45918        41.971857
       652.23102        41.077314
       662.18798        40.201837
       672.33432        39.345018
       682.67442        38.506461
       693.21277        37.685776
       703.95399        36.882582
       714.90281        36.096507
       726.06413        35.327185
       737.44295         34.57426
       749.04444        33.837381
        760.8739        33.116208
       772.93679        32.410405
       785.23872        31.719645
       797.78546        31.043607
       810.58296        30.381977
       823.63733        29.734448
       836.95485         29.10072
         850.542        28.480499
       864.40545        27.873497
       878.55205        27.279431
        892.9889        26.698027
       907.72332        26.129014
       922.76298        25.572128
       938.11581        25.027112
       953.78988        24.493711
       969.79368        23.971679
       986.13533        23.460772
       1002.8235        22.960755
       1019.8668        22.471394
       1037.2747        21.992463
       1055.0566         21.52374
       1073.2223        21.065006
       1091.7172        20.616049
       1110.6932        20.176661
       1130.0824        19.746638
       1149.8963        19.325779
       1170.1466         18.91389
       1190.8453         18.51078
       1212.0049        18.116261
       1233.6382        17.730151
       1255.7582         17.35227
       1278.3785        16.982442
       1301.5132        16.620497
       1325.1766        16.266266
       1349.3836        15.919584
       1374.1496        15.580291
       1399.4903         15.24823
       1425.4222        14.923246
        1451.962        14.605188
       1479.1274        14.293909
       1506.9362        13.989264
       1535.4072        13.691112
       1564.5595        13.399314
       1594.4132        13.113736
       1624.8779        12.834244
       1656.4104        12.560709
       1688.4782        12.293003
       1721.3365        12.031003
       1755.0085        11.774588
       1789.5183        11.523637
       1824.8909        11.278035
       1861.1523        11.037667
       1898.3296        10.802422
       1936.4505        10.572191
        1975.544        10.346866
       2015.6402        10.126345
       2056.7702        9.9105226
       2098.9662        9.6993005
       2142.2619        9.4925801
       2186.6918        9.2902655
       2232.2921        9.0922629
          2279.1        8.8984802
       2327.1545        8.7088276
       2376.4956        8.5232171
       2427.1652        8.3415625
       2479.2066        8.1637795
       2532.6647        7.9897855
       2587.5861        7.8194999
       2644.0192        7.6528435
       2702.0143        7.4897391
       2761.6234        7.3301109
       2822.9006        7.1738849
       2885.9018        7.0209885
       2950.6853        6.8713507
       3017.3112        6.7249022
        3085.842        6.5815749
       3156.3423        6.4413023
       3228.8791        6.3040194
       3303.5218        6.1696624
       3380.3419        6.0381689
       3459.4136        5.9094779
       3540.8599        5.7835297
       3624.7408        5.6602658
       3711.1038         5.539629
       3800.0335        5.4215633
       3891.0261         5.306014
       3985.3366        5.1929274
       4082.4811        5.0822509
       4182.5532        4.9739333
       4285.6489        4.8679243
       4391.8666        4.7641747
       4501.3065        4.6626362
        4614.071        4.5632618
       4730.2644        4.4660054
       4849.9931        4.3708218
       4973.3653        4.2776668
       5100.4914        4.1864973
       5231.4837        4.0972708
       5366.4565         4.009946
       5505.5264        3.9244824
       5648.8125        3.8408402
       5796.4365        3.7589807
       5948.5232        3.6788658
       6105.2006        3.6004585
       6266.6005        3.5237222
       6432.8589        3.4486214
       6604.1163        3.3751212
       6780.5186        3.3031875
        6962.217         3.232787
       7149.3689        3.1638869
       7342.1379        3.0964552
       7540.6945        3.0304607
       7745.2159        2.9658728
       7955.8865        2.9026614
       8172.8976        2.8407972
       8396.4477        2.7802515
       8626.7419        2.7209962
       8863.9921        2.6630039
       9108.5907        2.6062475
       9360.6016        2.5507007
       9620.2286        2.4963379
       9887.7085        2.4431336
       10161.644        2.3910633
       10445.512        2.3401028
       10737.972        2.2902284
       11039.281        2.2414169
         11349.7        2.1936458
       11669.494        2.1468928
       11998.932        2.1011363
       12338.288        2.0563549
       12687.841         2.012528
       13047.872        1.9696351
       13418.668        1.9276565
        13800.52        1.8865725
        14193.72        1.8463641
       14598.567        1.8070127
       15015.361           1.7685
       15444.407        1.7308081
       15886.012        1.6939195
       16340.487        1.6578172
       16808.143        1.6224843
       17289.297        1.5879044
       17784.263        1.5540615
       18293.361        1.5209399
        18816.91        1.4885243
       19355.231        1.4567995
       19908.644        1.4257508
       20477.469        1.3953639
       21062.026        1.3656246
       21662.636        1.3365192
       22279.614        1.3080341
       22913.277         1.280156
       23563.937        1.2528722
       24231.905        1.2261698
       24917.486        1.2000366
       25620.983        1.1744603
       26342.692        1.1494291
       27082.904        1.1249314
       27841.906        1.1009559
       28619.975        1.0774913
       29417.383        1.0545268
       30234.392        1.0320518
       31071.257        1.0100557
       31928.223       0.98852849
       32805.523       0.96746006
       33703.382       0.94684067
       34622.012       0.92666073
       35561.072       0.90691089
       36521.036       0.88758197
       37502.313       0.86866501
       38505.065       0.85015122
       39536.354       0.83203202
       40582.671       0.81429899
       41650.862        0.7969439
       42741.023        0.7799587
       43853.237       0.76333551
       44987.571        0.7470666
       46144.116       0.73114443
       47322.905       0.71556161
       48523.942       0.70031091
       49747.211       0.68538524
       50992.676       0.67077768
       52260.283       0.65648145
       53549.954       0.64248992
       54861.593       0.62879658
       56195.082       0.61539509
       57550.283       0.60227923
       58927.035        0.5894429
       60325.156       0.57688015
       61744.445       0.56458515
       63184.677        0.5525522
       64645.606        0.5407757
       66126.965       0.52925019
       67628.468       0.51797033
       69149.806       0.50693087
       70690.649       0.49612669
       72250.648       0.48555278
       73829.435       0.47520424
       75426.619       0.46507625
       77041.794       0.45516412
       78674.531       0.44546324
       80324.388       0.43596912
       81990.901       0.42667735
        83673.59       0.41758361
       85371.961       0.40868368
       87085.501       0.39997344
       88813.684       0.39144884
        90555.97       0.38310593
       92311.804       0.37494082
       94082.524       0.36694974
       95866.932       0.35912897
       97663.174       0.35147488
       99470.642       0.34398393
       101288.72       0.33665263
       103116.79       0.32947758
       104954.23       0.32245545
       106800.39       0.31558298
       108654.63       0.30885699
       110516.32       0.30227435
       112384.79         0.295832
       114259.41       0.28952695
        116139.5       0.28335629
          117940       0.27731714
        119827.2        0.2714067
       121718.14       0.26562224
       123611.94       0.25996105
       125507.94       0.25442052
       127405.48       0.24899808
       129303.93        0.2436912
       131202.65       0.23849743
       133100.99       0.23341436
       134998.34       0.22843962
       136894.06        0.2235709
       138787.54       0.21880595
       140678.19       0.21414256
       142565.39       0.20957856
       144448.56       0.20511183
       146327.12        0.2007403
       148200.51       0.19646193
       150068.16       0.19227476
       151929.54       0.18817682
        153784.1       0.18416622
       155631.33       0.18024111
       157470.72       0.17639964
       159301.76       0.17264005
       161123.99       0.16896059
       162936.93       0.16535954
       164740.12       0.16183525
       166533.12       0.15838607
       168315.51        0.1550104
       170086.88       0.15170668
       171846.82       0.14847336
       173594.96       0.14530896
       175330.92       0.14221201
       177054.35       0.13918105
       178764.91        0.1362147
       180462.28       0.13331157
       182146.15       0.13047031
       183822.79       0.12768961
       185478.32       0.12496817
       187119.54       0.12230473
       188746.19       0.11969806
       190358.03       0.11714695
       191954.84        0.1146502
       193536.41       0.11220667
       195102.55       0.10981522
       196653.07       0.10747474
       198187.81       0.10518414
        199706.6       0.10294236
       201209.31       0.10074836
       202695.81      0.098601114
       204165.98      0.096499636
       205619.72      0.094442948
       207056.92      0.092430093
       208477.52      0.090460138
       209881.44      0.088532169
       211268.63       0.08664529
       212639.03      0.084798626
       213992.62       0.08299132
       215329.35      0.081222533
       216649.22      0.079491444
       217952.23      0.077797249
       219238.36      0.076139163
       220507.64      0.074516415
       221760.08      0.072928253
       223001.41      0.071373939
       224234.52      0.069852752
       225450.45      0.068363986
       226649.04       0.06690695
       227830.36      0.065480968
       228994.51      0.064085378
       230141.57      0.062719531
       231271.63      0.061382795
       232194.02      0.060074549
       233286.38      0.058794185
       234365.15      0.057541109
       235427.44       0.05631474
       236473.33      0.055114509
       237502.94      0.053939858
        238516.4      0.052790242
       239513.85      0.051665128
       240495.43      0.050563994
       241461.29      0.049486327
       242411.57      0.048431629
       243346.42       0.04739941
          244266       0.04638919
       245170.47      0.045400501
       246059.97      0.044432884
       246934.67       0.04348589
       247794.74      0.042559079
       248640.33      0.041652021
       249471.61      0.040764295
       250288.75      0.039895489
       251091.92      0.039045199
       251881.29      0.038213032
       252657.02      0.037398601
       253419.29      0.036601528
       253994.26      0.035821442
       254951.48      0.035057983
       255626.98      0.034310795
       256337.13      0.033579532
       257034.63      0.032863854
       257719.69       0.03216343
       258392.49      0.031477933
       259053.18      0.030807047
       259701.96      0.030150459
       260338.98      0.029507864
       260964.42      0.028878966
       261578.45      0.028263471
       262181.24      0.027661094
       262772.95      0.027071555
       263353.75      0.026494581
       263923.81      0.025929904
       264483.29      0.025377263
       265032.36      0.024836399
       265571.19      0.024307063
       266099.92      0.023789008
       266618.73      0.023281995
       267127.76      0.022785788
       267627.19      0.022300156
       268117.16      0.021824875
       268597.83      0.021359723
       269069.35      0.020904485
       269531.87       0.02045895
       269985.55       0.02002291
       270430.53      0.019596163
       270866.96      0.019178512
       271294.98      0.018769762
       271714.75      0.018369723
       272126.39      0.017978211
       272530.05      0.017595043
       272925.86      0.017220041
       273313.98      0.016853032
       273694.52      0.016493845
       274067.62      0.016142313
       274433.42      0.015798273
       274792.04      0.015461566
       275143.61      0.015132035
       275488.26      0.014809527
       275826.12      0.014493893
        276157.3      0.014184985
       276481.92      0.013882662
       276800.11      0.013586782
       277111.99      0.013297208
       277417.66      0.013013806
       277717.25      0.012736444
       278010.86      0.012464993
        278298.6      0.012199327
       278817.43      0.011939324
       279089.71      0.011684862
       279360.81      0.011435824
       279626.39      0.011192093
       279886.63      0.010953557
       280141.64      0.010720105
        280391.5      0.010491628
       280636.32      0.010268021
       280876.19      0.010049179
       281111.21      0.009835002
       281341.47     0.0096253894
       281567.06     0.0094202443
       281788.07     0.0092194714
       282004.59     0.0090229776
       282216.71     0.0088306716
       282424.51     0.0086424642
       282628.07     0.0084582681
       282827.48     0.0082779977
       283022.82     0.0081015695
       283214.17     0.0079289014
        283401.6     0.0077599134
       283585.19      0.007594527
       283765.02     0.0074326654
       283941.17     0.0072742537
       284113.69     0.0071192181
       284282.68     0.0069674868
       284448.19     0.0068189893
       284610.29     0.0066736568
       284769.06     0.0065314217
       284924.55      0.006392218
       285076.84     0.0062559812
       285225.98      0.006122648
       285372.05     0.0059921565
       285515.09     0.0058644462
       285655.18     0.0057394577
       285792.37     0.0056171331
       285926.72     0.0054974156
       286058.28     0.0053802497
       286187.12     0.0052655809
       286313.29      0.005153356
       286436.83     0.0050435229
       286557.81     0.0049360307
       286676.28     0.0048308295
       286792.28     0.0047278705
       286905.87     0.0046271058
        287017.1     0.0045284886
       287126.01     0.0044319733
       287232.65      0.004337515
       287337.07     0.0042450699
       287439.32     0.0041545951
       287539.42     0.0040660486
       287637.44     0.0039793892
       287733.42     0.0038945768
       287827.38      0.003811572
       287919.39     0.0037303363
       288009.47      0.003650832
       288097.66     0.0035730221
       288184.01     0.0034968706
       288268.55     0.0034223421
       288351.33      0.003349402
       288432.36     0.0032780164
        288511.7     0.0032081523
       288589.38     0.0031397773
       288665.43     0.0030728594
       288739.88     0.0030073679
       288812.77     0.0029432721
       288884.12     0.0028805424
       288953.98     0.0028191496
       289022.38     0.0027590653
       289089.53     0.0027002616
       289155.96     0.0026427111
       289220.99     0.0025863872
       289284.66     0.0025312638
       289346.99     0.0024773152
       289408.01     0.0024245163
       289467.74     0.0023728428
       289526.22     0.0023222706
       289583.47     0.0022727763
       289639.52     0.0022243368
       289694.38     0.0021769297
       289748.09     0.0021305329
       289800.67     0.0020851251
       289852.14      0.002040685
       289902.53      0.001997192
       289951.85      0.001954626
       290000.14     0.0019129673
        290047.4     0.0018721963
       290093.67     0.0018322944
       290138.97     0.0017932428
        290183.3     0.0017550236
       290226.71     0.0017176189
       290269.19     0.0016810115
       290310.78     0.0016451842
       290351.49     0.0016101205
       290391.34     0.0015758042
       290430.35     0.0015422192
       290468.54       0.00150935
       290505.91     0.0014771813
        290542.5     0.0014456983
       290578.32     0.0014148862
       290613.37     0.0013847309
       290647.69     0.0013552182
       290681.28     0.0013263346
       290714.16     0.0012980665
       290746.34     0.0012704009
       290777.84      0.001243325
       290808.68     0.0012168261
       290838.86      0.001190892
       290868.41     0.0011655106
       290897.32     0.0011406702
       290925.63     0.0011163592
       290953.34     0.0010925663
       290980.46     0.0010692805
          291007      0.001046491
       291032.98     0.0010241873
       291058.41     0.0010023588
       291083.31    0.00098099566
       291107.67    0.00096008778
       291131.52    0.00093962551
       291154.86    0.00091959934
       291177.71           0.0009
           1e+08            1e-06

