1.000000000000000072e-18 3.816063632798269452e-08 5.828827135211152033e+00 3.816063657781582993e-08
2.212200000000000062e-18 2.351141491034017072e-08 2.975480245005142521e+00 2.351141509612081363e-08
4.893899999999999821e-18 1.971538029323952761e-08 1.663197244937193009e+00 1.971538052694375281e-08
1.082599999999999925e-17 2.545267646974436772e-08 1.011960008873790784e+00 2.545267710992653559e-08
2.394999999999999967e-17 4.265618868715102027e-08 6.365047885830205088e-01 4.265619154581066665e-08
5.298300000000000226e-17 7.275524860470143172e-08 4.028402649996021823e-01 7.275526174471651475e-08
1.172100000000000103e-16 1.234273805591620365e-07 2.558620369272039397e-01 1.234274401003343005e-07
2.592900000000000185e-16 2.089274167570853562e-07 1.631524504338465187e-01 2.089276843026922480e-07
5.736200000000000400e-16 3.529059973537184568e-07 1.045422881865978593e-01 3.529071886712757467e-07
1.268999999999999913e-15 5.943522566147132002e-07 6.738954219053300276e-02 5.943574986405389801e-07
2.807199999999999940e-15 9.967298677986327960e-07 4.375635305019208443e-02 9.967525729143697780e-07
6.210199999999999819e-15 1.661532054335811204e-06 2.865538139798575606e-02 1.661628400945623139e-06
1.373800000000000038e-14 2.747572262573863265e-06 1.895146811042381155e-02 2.747970661680698094e-06
3.039199999999999687e-14 4.497405055174048904e-06 1.267248569050961025e-02 4.499001729545269265e-06
6.723399999999999402e-14 7.272772988347315603e-06 8.576722523413748273e-03 7.278945289776284684e-06
1.487400000000000054e-13 1.160242200211607915e-05 5.881222774915705574e-03 1.162535639790683413e-05
3.290300000000000126e-13 1.824755784498743413e-05 4.091151333070004205e-03 1.832931115556933480e-05
7.278999999999999579e-13 2.829012944143353937e-05 2.892627076070509312e-03 2.856954189839149266e-05
1.610299999999999914e-12 4.324447380222030518e-05 2.085511085753140662e-03 4.416016448799441659e-05
3.562199999999999907e-12 6.519027026704708207e-05 1.541422422398149418e-03 6.806906635027534617e-05
7.880500000000000601e-12 9.695898490081463416e-05 1.177739706532822828e-03 1.056573679907725738e-04
1.743300000000000135e-11 1.425458635184103664e-04 9.418140060100471883e-04 1.679682745041226951e-04
3.856600000000000026e-11 2.081613451852760077e-04 8.019150296784290349e-04 2.811396639073442138e-04
8.531699999999999603e-11 3.043956661024942905e-04 7.431131703109248665e-04 5.155947193729122288e-04
1.887400000000000120e-10 4.497823823057430772e-04 7.676469256991108733e-04 1.086230188886899272e-03
4.175300000000000047e-10 6.769469662355152026e-04 8.997883558615023735e-04 2.733374615805455026e-03
9.236699999999999753e-10 1.041717222334797004e-03 1.191689370019576727e-03 8.277559264083834967e-03
2.043400000000000202e-09 1.623234695052723801e-03 1.719034231334342884e-03 2.912744794591018080e-02
4.520400000000000231e-09 2.520756150415046602e-03 2.578536155461538370e-03 1.124932555425922076e-01
1.000000000000000021e-08 3.919297388239597994e-03 3.953306454574950779e-03 4.555897980127697200e-01
