# arrays of finj_ct 
2.398e+05
2.087e+05
1.816e+05
1.581e+05
1.376e+05
1.198e+05
1.042e+05
9.072e+04
7.896e+04
6.872e+04
5.981e+04
5.206e+04
4.531e+04
3.943e+04
3.432e+04
2.987e+04
2.600e+04
2.263e+04
1.970e+04
1.714e+04
1.492e+04
1.299e+04
1.130e+04
9.837e+03
8.562e+03
7.452e+03
6.486e+03
5.645e+03
4.913e+03
4.276e+03
3.722e+03
3.239e+03
2.819e+03
2.454e+03
2.136e+03
1.859e+03
1.618e+03
1.408e+03
1.226e+03
1.067e+03
9.284e+02
8.080e+02
7.033e+02
6.121e+02
5.328e+02
4.637e+02
4.036e+02
3.513e+02
3.057e+02
2.661e+02
2.316e+02
2.016e+02
1.754e+02
1.527e+02
1.329e+02
1.157e+02
1.007e+02
8.762e+01
7.626e+01
6.638e+01
5.777e+01
5.028e+01
4.376e+01
3.809e+01
3.315e+01
2.885e+01
2.511e+01
2.186e+01
1.902e+01
1.656e+01
1.441e+01
1.254e+01
1.092e+01
9.501e+00
8.270e+00
7.198e+00
6.264e+00
5.452e+00
4.745e+00
4.130e+00
3.595e+00
3.129e+00
2.723e+00
2.370e+00
2.063e+00
1.795e+00
1.563e+00
1.360e+00
1.184e+00
1.030e+00
8.967e-01
7.805e-01
6.793e-01
5.912e-01
5.146e-01
4.479e-01
3.898e-01
3.393e-01
2.953e-01
2.570e-01
2.237e-01
1.947e-01
1.694e-01
1.475e-01
1.284e-01
1.117e-01
9.724e-02
8.463e-02
7.366e-02
6.411e-02
5.580e-02
4.857e-02
4.227e-02
3.679e-02
3.202e-02
2.787e-02
2.426e-02
2.111e-02
1.837e-02
1.599e-02
1.392e-02
1.211e-02
1.054e-02
9.177e-03
7.987e-03
6.952e-03
6.051e-03
5.266e-03
4.584e-03
3.989e-03
3.472e-03
3.022e-03
2.630e-03
2.289e-03
1.992e-03
1.734e-03
1.509e-03
1.314e-03
1.143e-03
9.951e-04
8.661e-04
7.538e-04
6.561e-04
5.711e-04
4.970e-04
4.326e-04
3.765e-04
3.277e-04
2.852e-04
2.482e-04
2.161e-04
1.880e-04
1.637e-04
1.425e-04
1.240e-04
1.079e-04
9.392e-05
8.174e-05
7.115e-05
6.192e-05
5.390e-05
4.691e-05
4.083e-05
3.553e-05
3.093e-05
2.692e-05
2.343e-05
2.039e-05
1.775e-05
1.545e-05
1.344e-05
1.170e-05
1.018e-05
8.864e-06
7.715e-06
6.715e-06
5.844e-06
5.087e-06
4.427e-06
3.853e-06
3.354e-06
2.919e-06
2.541e-06
2.211e-06
1.924e-06
1.675e-06
1.458e-06
1.269e-06
1.104e-06
9.612e-07
8.366e-07
7.281e-07
6.337e-07
5.516e-07
4.801e-07
4.178e-07
3.637e-07
3.165e-07
2.755e-07
2.398e-07
