# arrays of finj_ct 
6.041e+05
5.258e+05
4.576e+05
3.983e+05
3.467e+05
3.017e+05
2.626e+05
2.286e+05
1.989e+05
1.731e+05
1.507e+05
1.312e+05
1.142e+05
9.935e+04
8.647e+04
7.526e+04
6.551e+04
5.701e+04
4.962e+04
4.319e+04
3.759e+04
3.272e+04
2.848e+04
2.478e+04
2.157e+04
1.877e+04
1.634e+04
1.422e+04
1.238e+04
1.077e+04
9.377e+03
8.161e+03
7.103e+03
6.182e+03
5.381e+03
4.683e+03
4.076e+03
3.548e+03
3.088e+03
2.687e+03
2.339e+03
2.036e+03
1.772e+03
1.542e+03
1.342e+03
1.168e+03
1.017e+03
8.850e+02
7.702e+02
6.704e+02
5.835e+02
5.078e+02
4.420e+02
3.847e+02
3.348e+02
2.914e+02
2.536e+02
2.208e+02
1.921e+02
1.672e+02
1.455e+02
1.267e+02
1.103e+02
9.596e+01
8.352e+01
7.269e+01
6.327e+01
5.507e+01
4.793e+01
4.172e+01
3.631e+01
3.160e+01
2.750e+01
2.394e+01
2.083e+01
1.813e+01
1.578e+01
1.374e+01
1.196e+01
1.041e+01
9.057e+00
7.883e+00
6.861e+00
5.971e+00
5.197e+00
4.523e+00
3.937e+00
3.427e+00
2.982e+00
2.596e+00
2.259e+00
1.966e+00
1.711e+00
1.490e+00
1.296e+00
1.128e+00
9.821e-01
8.548e-01
7.440e-01
6.475e-01
5.636e-01
4.905e-01
4.269e-01
3.716e-01
3.234e-01
2.815e-01
2.450e-01
2.132e-01
1.856e-01
1.615e-01
1.406e-01
1.224e-01
1.065e-01
9.269e-02
8.067e-02
7.021e-02
6.111e-02
5.319e-02
4.629e-02
4.029e-02
3.507e-02
3.052e-02
2.657e-02
2.312e-02
2.012e-02
1.751e-02
1.524e-02
1.327e-02
1.155e-02
1.005e-02
8.748e-03
7.614e-03
6.627e-03
5.768e-03
5.020e-03
4.369e-03
3.803e-03
3.310e-03
2.881e-03
2.507e-03
2.182e-03
1.899e-03
1.653e-03
1.439e-03
1.252e-03
1.090e-03
9.486e-04
8.256e-04
7.186e-04
6.254e-04
5.443e-04
4.738e-04
4.124e-04
3.589e-04
3.124e-04
2.719e-04
2.366e-04
2.059e-04
1.793e-04
1.560e-04
1.358e-04
1.182e-04
1.029e-04
8.953e-05
7.792e-05
6.782e-05
5.903e-05
5.137e-05
4.471e-05
3.892e-05
3.387e-05
2.948e-05
2.566e-05
2.233e-05
1.944e-05
1.692e-05
1.472e-05
1.282e-05
1.115e-05
9.708e-06
8.449e-06
7.354e-06
6.401e-06
5.571e-06
4.849e-06
4.220e-06
3.673e-06
3.197e-06
2.782e-06
2.422e-06
2.108e-06
1.834e-06
1.597e-06
1.390e-06
1.210e-06
1.053e-06
9.162e-07
7.974e-07
6.941e-07
6.041e-07
