# arrays of finj_ct 
8.221e+03
7.155e+03
6.228e+03
5.420e+03
4.718e+03
4.106e+03
3.574e+03
3.110e+03
2.707e+03
2.356e+03
2.051e+03
1.785e+03
1.553e+03
1.352e+03
1.177e+03
1.024e+03
8.914e+02
7.759e+02
6.753e+02
5.877e+02
5.116e+02
4.452e+02
3.875e+02
3.373e+02
2.936e+02
2.555e+02
2.224e+02
1.935e+02
1.685e+02
1.466e+02
1.276e+02
1.111e+02
9.667e+01
8.413e+01
7.323e+01
6.373e+01
5.547e+01
4.828e+01
4.202e+01
3.657e+01
3.183e+01
2.770e+01
2.411e+01
2.099e+01
1.827e+01
1.590e+01
1.384e+01
1.204e+01
1.048e+01
9.123e+00
7.940e+00
6.911e+00
6.015e+00
5.235e+00
4.557e+00
3.966e+00
3.452e+00
3.004e+00
2.615e+00
2.276e+00
1.981e+00
1.724e+00
1.500e+00
1.306e+00
1.137e+00
9.893e-01
8.610e-01
7.494e-01
6.523e-01
5.677e-01
4.941e-01
4.300e-01
3.743e-01
3.258e-01
2.835e-01
2.468e-01
2.148e-01
1.869e-01
1.627e-01
1.416e-01
1.233e-01
1.073e-01
9.337e-02
8.126e-02
7.073e-02
6.156e-02
5.358e-02
4.663e-02
4.059e-02
3.533e-02
3.075e-02
2.676e-02
2.329e-02
2.027e-02
1.764e-02
1.536e-02
1.337e-02
1.163e-02
1.012e-02
8.812e-03
7.670e-03
6.675e-03
5.810e-03
5.057e-03
4.401e-03
3.831e-03
3.334e-03
2.902e-03
2.526e-03
2.198e-03
1.913e-03
1.665e-03
1.449e-03
1.261e-03
1.098e-03
9.555e-04
8.317e-04
7.238e-04
6.300e-04
5.483e-04
4.772e-04
4.154e-04
3.615e-04
3.147e-04
2.739e-04
2.384e-04
2.075e-04
1.806e-04
1.572e-04
1.368e-04
1.190e-04
1.036e-04
9.018e-05
7.849e-05
6.832e-05
5.946e-05
5.175e-05
4.504e-05
3.920e-05
3.412e-05
2.970e-05
2.585e-05
2.250e-05
1.958e-05
1.704e-05
1.483e-05
1.291e-05
1.124e-05
9.779e-06
8.511e-06
7.408e-06
6.448e-06
5.612e-06
4.884e-06
4.251e-06
3.700e-06
3.220e-06
2.803e-06
2.439e-06
2.123e-06
1.848e-06
1.608e-06
1.400e-06
1.218e-06
1.060e-06
9.229e-07
8.033e-07
6.991e-07
6.085e-07
5.296e-07
4.610e-07
4.012e-07
3.492e-07
3.039e-07
2.645e-07
2.302e-07
2.004e-07
1.744e-07
1.518e-07
1.321e-07
1.150e-07
1.001e-07
8.711e-08
7.581e-08
6.598e-08
5.743e-08
4.999e-08
4.350e-08
3.786e-08
3.296e-08
2.868e-08
2.496e-08
2.173e-08
1.891e-08
1.646e-08
1.433e-08
1.247e-08
1.085e-08
9.445e-09
8.221e-09
