# arrays of xinj for CT spectra
1.000e-06
1.149e-06
1.320e-06
1.517e-06
1.743e-06
2.002e-06
2.300e-06
2.643e-06
3.037e-06
3.489e-06
4.009e-06
4.606e-06
5.292e-06
6.080e-06
6.986e-06
8.026e-06
9.222e-06
1.060e-05
1.217e-05
1.399e-05
1.607e-05
1.846e-05
2.121e-05
2.437e-05
2.801e-05
3.218e-05
3.697e-05
4.248e-05
4.880e-05
5.607e-05
6.442e-05
7.402e-05
8.504e-05
9.771e-05
1.123e-04
1.290e-04
1.482e-04
1.703e-04
1.956e-04
2.248e-04
2.583e-04
2.967e-04
3.409e-04
3.917e-04
4.501e-04
5.171e-04
5.941e-04
6.826e-04
7.843e-04
9.011e-04
1.035e-03
1.190e-03
1.367e-03
1.570e-03
1.804e-03
2.073e-03
2.382e-03
2.736e-03
3.144e-03
3.612e-03
4.150e-03
4.769e-03
5.479e-03
6.295e-03
7.233e-03
8.310e-03
9.548e-03
1.097e-02
1.260e-02
1.448e-02
1.664e-02
1.912e-02
2.196e-02
2.524e-02
2.899e-02
3.331e-02
3.827e-02
4.398e-02
5.053e-02
5.805e-02
6.670e-02
7.663e-02
8.805e-02
1.012e-01
1.162e-01
1.335e-01
1.534e-01
1.763e-01
2.026e-01
2.327e-01
2.674e-01
3.072e-01
3.530e-01
4.055e-01
4.660e-01
5.354e-01
6.151e-01
7.067e-01
8.120e-01
9.329e-01
1.072e+00
1.232e+00
1.415e+00
1.626e+00
1.868e+00
2.146e+00
2.466e+00
2.833e+00
3.255e+00
3.740e+00
4.297e+00
4.937e+00
5.672e+00
6.517e+00
7.488e+00
8.603e+00
9.885e+00
1.136e+01
1.305e+01
1.499e+01
1.723e+01
1.979e+01
2.274e+01
2.613e+01
3.002e+01
3.449e+01
3.963e+01
4.553e+01
5.231e+01
6.010e+01
6.906e+01
7.934e+01
9.116e+01
1.047e+02
1.203e+02
1.383e+02
1.589e+02
1.825e+02
2.097e+02
2.409e+02
2.768e+02
3.181e+02
3.654e+02
4.199e+02
4.824e+02
5.543e+02
6.368e+02
7.317e+02
8.407e+02
9.659e+02
1.110e+03
1.275e+03
1.465e+03
1.683e+03
1.934e+03
2.222e+03
2.553e+03
2.933e+03
3.370e+03
3.872e+03
4.449e+03
5.111e+03
5.873e+03
6.748e+03
7.753e+03
8.907e+03
1.023e+04
1.176e+04
1.351e+04
1.552e+04
1.783e+04
2.049e+04
2.354e+04
2.705e+04
3.108e+04
3.571e+04
4.103e+04
4.714e+04
5.416e+04
6.223e+04
7.149e+04
8.214e+04
9.438e+04
1.084e+05
1.246e+05
1.431e+05
1.645e+05
1.890e+05
2.171e+05
2.495e+05
2.866e+05
3.293e+05
3.783e+05
4.347e+05
4.995e+05
5.738e+05
6.593e+05
7.575e+05
8.704e+05
1.000e+06
