# arrays of finj_ct 
1.868e+04
1.626e+04
1.415e+04
1.231e+04
1.072e+04
9.329e+03
8.119e+03
7.067e+03
6.151e+03
5.353e+03
4.659e+03
4.055e+03
3.529e+03
3.072e+03
2.674e+03
2.327e+03
2.025e+03
1.763e+03
1.534e+03
1.335e+03
1.162e+03
1.012e+03
8.804e+02
7.663e+02
6.669e+02
5.805e+02
5.052e+02
4.397e+02
3.827e+02
3.331e+02
2.899e+02
2.523e+02
2.196e+02
1.912e+02
1.664e+02
1.448e+02
1.260e+02
1.097e+02
9.547e+01
8.309e+01
7.232e+01
6.295e+01
5.479e+01
4.768e+01
4.150e+01
3.612e+01
3.144e+01
2.736e+01
2.382e+01
2.073e+01
1.804e+01
1.570e+01
1.367e+01
1.189e+01
1.035e+01
9.010e+00
7.842e+00
6.826e+00
5.941e+00
5.171e+00
4.500e+00
3.917e+00
3.409e+00
2.967e+00
2.582e+00
2.248e+00
1.956e+00
1.703e+00
1.482e+00
1.290e+00
1.123e+00
9.771e-01
8.504e-01
7.401e-01
6.442e-01
5.607e-01
4.880e-01
4.247e-01
3.697e-01
3.217e-01
2.800e-01
2.437e-01
2.121e-01
1.846e-01
1.607e-01
1.399e-01
1.217e-01
1.059e-01
9.221e-02
8.026e-02
6.985e-02
6.080e-02
5.292e-02
4.606e-02
4.009e-02
3.489e-02
3.037e-02
2.643e-02
2.300e-02
2.002e-02
1.743e-02
1.517e-02
1.320e-02
1.149e-02
9.999e-03
8.703e-03
7.575e-03
6.593e-03
5.738e-03
4.994e-03
4.347e-03
3.783e-03
3.293e-03
2.866e-03
2.494e-03
2.171e-03
1.890e-03
1.645e-03
1.431e-03
1.246e-03
1.084e-03
9.437e-04
8.214e-04
7.149e-04
6.222e-04
5.416e-04
4.713e-04
4.102e-04
3.571e-04
3.108e-04
2.705e-04
2.354e-04
2.049e-04
1.783e-04
1.552e-04
1.351e-04
1.176e-04
1.023e-04
8.907e-05
7.752e-05
6.747e-05
5.872e-05
5.111e-05
4.448e-05
3.872e-05
3.370e-05
2.933e-05
2.553e-05
2.222e-05
1.934e-05
1.683e-05
1.465e-05
1.275e-05
1.110e-05
9.658e-06
8.406e-06
7.316e-06
6.368e-06
5.542e-06
4.824e-06
4.198e-06
3.654e-06
3.180e-06
2.768e-06
2.409e-06
2.097e-06
1.825e-06
1.588e-06
1.383e-06
1.203e-06
1.047e-06
9.115e-07
7.934e-07
6.905e-07
6.010e-07
5.231e-07
4.553e-07
3.962e-07
3.449e-07
3.002e-07
2.612e-07
2.274e-07
1.979e-07
1.722e-07
1.499e-07
1.305e-07
1.136e-07
9.884e-08
8.603e-08
7.488e-08
6.517e-08
5.672e-08
4.937e-08
4.297e-08
3.740e-08
3.255e-08
2.833e-08
2.466e-08
2.146e-08
1.868e-08
