# arrays of finj_ct 
2.394e+07
2.083e+07
1.813e+07
1.578e+07
1.374e+07
1.196e+07
1.041e+07
9.056e+06
7.882e+06
6.860e+06
5.971e+06
5.197e+06
4.523e+06
3.937e+06
3.426e+06
2.982e+06
2.596e+06
2.259e+06
1.966e+06
1.711e+06
1.489e+06
1.296e+06
1.128e+06
9.820e+05
8.547e+05
7.439e+05
6.475e+05
5.635e+05
4.905e+05
4.269e+05
3.716e+05
3.234e+05
2.815e+05
2.450e+05
2.132e+05
1.856e+05
1.615e+05
1.406e+05
1.224e+05
1.065e+05
9.268e+04
8.067e+04
7.021e+04
6.111e+04
5.319e+04
4.629e+04
4.029e+04
3.507e+04
3.052e+04
2.656e+04
2.312e+04
2.012e+04
1.751e+04
1.524e+04
1.327e+04
1.155e+04
1.005e+04
8.747e+03
7.613e+03
6.626e+03
5.767e+03
5.020e+03
4.369e+03
3.803e+03
3.310e+03
2.881e+03
2.507e+03
2.182e+03
1.899e+03
1.653e+03
1.439e+03
1.252e+03
1.090e+03
9.485e+02
8.256e+02
7.185e+02
6.254e+02
5.443e+02
4.738e+02
4.123e+02
3.589e+02
3.124e+02
2.719e+02
2.366e+02
2.059e+02
1.792e+02
1.560e+02
1.358e+02
1.182e+02
1.029e+02
8.952e+01
7.792e+01
6.782e+01
5.902e+01
5.137e+01
4.471e+01
3.892e+01
3.387e+01
2.948e+01
2.566e+01
2.233e+01
1.944e+01
1.692e+01
1.472e+01
1.281e+01
1.115e+01
9.707e+00
8.449e+00
7.354e+00
6.400e+00
5.571e+00
4.848e+00
4.220e+00
3.673e+00
3.197e+00
2.782e+00
2.422e+00
2.108e+00
1.834e+00
1.597e+00
1.390e+00
1.209e+00
1.053e+00
9.162e-01
7.974e-01
6.940e-01
6.041e-01
5.257e-01
4.576e-01
3.983e-01
3.466e-01
3.017e-01
2.626e-01
2.285e-01
1.989e-01
1.731e-01
1.507e-01
1.311e-01
1.141e-01
9.935e-02
8.647e-02
7.526e-02
6.550e-02
5.701e-02
4.962e-02
4.319e-02
3.759e-02
3.271e-02
2.847e-02
2.478e-02
2.157e-02
1.877e-02
1.634e-02
1.422e-02
1.238e-02
1.077e-02
9.376e-03
8.161e-03
7.103e-03
6.182e-03
5.381e-03
4.683e-03
4.076e-03
3.547e-03
3.088e-03
2.687e-03
2.339e-03
2.036e-03
1.772e-03
1.542e-03
1.342e-03
1.168e-03
1.017e-03
8.849e-04
7.702e-04
6.704e-04
5.834e-04
5.078e-04
4.420e-04
3.847e-04
3.348e-04
2.914e-04
2.536e-04
2.207e-04
1.921e-04
1.672e-04
1.455e-04
1.267e-04
1.103e-04
9.596e-05
8.352e-05
7.269e-05
6.327e-05
5.507e-05
4.793e-05
4.171e-05
3.631e-05
3.160e-05
2.750e-05
2.394e-05
