# arrays of finj_ct 
5.402e+04
4.701e+04
4.092e+04
3.561e+04
3.100e+04
2.698e+04
2.348e+04
2.044e+04
1.779e+04
1.548e+04
1.347e+04
1.173e+04
1.021e+04
8.884e+03
7.732e+03
6.730e+03
5.857e+03
5.098e+03
4.437e+03
3.862e+03
3.361e+03
2.925e+03
2.546e+03
2.216e+03
1.929e+03
1.679e+03
1.461e+03
1.272e+03
1.107e+03
9.633e+02
8.384e+02
7.298e+02
6.351e+02
5.528e+02
4.811e+02
4.188e+02
3.645e+02
3.172e+02
2.761e+02
2.403e+02
2.092e+02
1.820e+02
1.584e+02
1.379e+02
1.200e+02
1.045e+02
9.092e+01
7.913e+01
6.887e+01
5.994e+01
5.217e+01
4.541e+01
3.952e+01
3.440e+01
2.994e+01
2.606e+01
2.268e+01
1.974e+01
1.718e+01
1.495e+01
1.301e+01
1.133e+01
9.859e+00
8.581e+00
7.468e+00
6.500e+00
5.657e+00
4.924e+00
4.286e+00
3.730e+00
3.247e+00
2.826e+00
2.459e+00
2.140e+00
1.863e+00
1.621e+00
1.411e+00
1.228e+00
1.069e+00
9.305e-01
8.098e-01
7.049e-01
6.135e-01
5.339e-01
4.647e-01
4.045e-01
3.520e-01
3.064e-01
2.667e-01
2.321e-01
2.020e-01
1.758e-01
1.530e-01
1.332e-01
1.159e-01
1.009e-01
8.782e-02
7.643e-02
6.652e-02
5.790e-02
5.039e-02
4.386e-02
3.817e-02
3.323e-02
2.892e-02
2.517e-02
2.191e-02
1.907e-02
1.659e-02
1.444e-02
1.257e-02
1.094e-02
9.523e-03
8.288e-03
7.214e-03
6.278e-03
5.464e-03
4.756e-03
4.139e-03
3.603e-03
3.136e-03
2.729e-03
2.375e-03
2.067e-03
1.799e-03
1.566e-03
1.363e-03
1.186e-03
1.033e-03
8.987e-04
7.822e-04
6.808e-04
5.925e-04
5.157e-04
4.489e-04
3.907e-04
3.400e-04
2.959e-04
2.576e-04
2.242e-04
1.951e-04
1.698e-04
1.478e-04
1.286e-04
1.120e-04
9.745e-05
8.482e-05
7.382e-05
6.425e-05
5.592e-05
4.867e-05
4.236e-05
3.687e-05
3.209e-05
2.793e-05
2.431e-05
2.116e-05
1.842e-05
1.603e-05
1.395e-05
1.214e-05
1.057e-05
9.198e-06
8.005e-06
6.967e-06
6.064e-06
5.278e-06
4.594e-06
3.998e-06
3.480e-06
3.029e-06
2.636e-06
2.294e-06
1.997e-06
1.738e-06
1.513e-06
1.317e-06
1.146e-06
9.974e-07
8.681e-07
7.555e-07
6.576e-07
5.723e-07
4.981e-07
4.336e-07
3.773e-07
3.284e-07
2.859e-07
2.488e-07
2.165e-07
1.885e-07
1.640e-07
1.428e-07
1.243e-07
1.082e-07
9.413e-08
8.193e-08
7.131e-08
6.206e-08
5.402e-08
