# arrays of finj_ct 
2.806e+06
2.442e+06
2.126e+06
1.850e+06
1.610e+06
1.401e+06
1.220e+06
1.062e+06
9.240e+05
8.042e+05
7.000e+05
6.092e+05
5.302e+05
4.615e+05
4.017e+05
3.496e+05
3.043e+05
2.648e+05
2.305e+05
2.006e+05
1.746e+05
1.520e+05
1.323e+05
1.151e+05
1.002e+05
8.721e+04
7.590e+04
6.606e+04
5.750e+04
5.004e+04
4.356e+04
3.791e+04
3.300e+04
2.872e+04
2.499e+04
2.175e+04
1.893e+04
1.648e+04
1.434e+04
1.248e+04
1.087e+04
9.457e+03
8.231e+03
7.164e+03
6.235e+03
5.427e+03
4.723e+03
4.111e+03
3.578e+03
3.114e+03
2.710e+03
2.359e+03
2.053e+03
1.787e+03
1.555e+03
1.354e+03
1.178e+03
1.025e+03
8.925e+02
7.768e+02
6.761e+02
5.884e+02
5.122e+02
4.458e+02
3.880e+02
3.377e+02
2.939e+02
2.558e+02
2.226e+02
1.938e+02
1.687e+02
1.468e+02
1.278e+02
1.112e+02
9.678e+01
8.423e+01
7.331e+01
6.381e+01
5.554e+01
4.834e+01
4.207e+01
3.662e+01
3.187e+01
2.774e+01
2.414e+01
2.101e+01
1.829e+01
1.592e+01
1.385e+01
1.206e+01
1.049e+01
9.134e+00
7.950e+00
6.919e+00
6.022e+00
5.241e+00
4.562e+00
3.971e+00
3.456e+00
3.008e+00
2.618e+00
2.278e+00
1.983e+00
1.726e+00
1.502e+00
1.307e+00
1.138e+00
9.905e-01
8.621e-01
7.503e-01
6.530e-01
5.684e-01
4.947e-01
4.306e-01
3.747e-01
3.262e-01
2.839e-01
2.471e-01
2.150e-01
1.872e-01
1.629e-01
1.418e-01
1.234e-01
1.074e-01
9.348e-02
8.136e-02
7.081e-02
6.163e-02
5.364e-02
4.669e-02
4.064e-02
3.537e-02
3.078e-02
2.679e-02
2.332e-02
2.030e-02
1.766e-02
1.537e-02
1.338e-02
1.165e-02
1.014e-02
8.822e-03
7.679e-03
6.683e-03
5.817e-03
5.063e-03
4.406e-03
3.835e-03
3.338e-03
2.905e-03
2.529e-03
2.201e-03
1.915e-03
1.667e-03
1.451e-03
1.263e-03
1.099e-03
9.567e-04
8.326e-04
7.247e-04
6.307e-04
5.490e-04
4.778e-04
4.159e-04
3.620e-04
3.150e-04
2.742e-04
2.386e-04
2.077e-04
1.808e-04
1.573e-04
1.369e-04
1.192e-04
1.037e-04
9.029e-05
7.858e-05
6.840e-05
5.953e-05
5.181e-05
4.509e-05
3.925e-05
3.416e-05
2.973e-05
2.588e-05
2.252e-05
1.960e-05
1.706e-05
1.485e-05
1.292e-05
1.125e-05
9.791e-06
8.521e-06
7.417e-06
6.455e-06
5.618e-06
4.890e-06
4.256e-06
3.704e-06
3.224e-06
2.806e-06
