# arrays of finj_ct 
1.465e+06
1.275e+06
1.110e+06
9.658e+05
8.406e+05
7.316e+05
6.368e+05
5.542e+05
4.824e+05
4.198e+05
3.654e+05
3.180e+05
2.768e+05
2.409e+05
2.097e+05
1.825e+05
1.588e+05
1.382e+05
1.203e+05
1.047e+05
9.115e+04
7.933e+04
6.905e+04
6.010e+04
5.231e+04
4.552e+04
3.962e+04
3.449e+04
3.002e+04
2.612e+04
2.274e+04
1.979e+04
1.722e+04
1.499e+04
1.305e+04
1.136e+04
9.884e+03
8.603e+03
7.487e+03
6.517e+03
5.672e+03
4.937e+03
4.297e+03
3.740e+03
3.255e+03
2.833e+03
2.466e+03
2.146e+03
1.868e+03
1.626e+03
1.415e+03
1.231e+03
1.072e+03
9.328e+02
8.119e+02
7.066e+02
6.150e+02
5.353e+02
4.659e+02
4.055e+02
3.529e+02
3.072e+02
2.674e+02
2.327e+02
2.025e+02
1.763e+02
1.534e+02
1.335e+02
1.162e+02
1.012e+02
8.804e+01
7.663e+01
6.669e+01
5.805e+01
5.052e+01
4.397e+01
3.827e+01
3.331e+01
2.899e+01
2.523e+01
2.196e+01
1.911e+01
1.664e+01
1.448e+01
1.260e+01
1.097e+01
9.547e+00
8.309e+00
7.232e+00
6.294e+00
5.478e+00
4.768e+00
4.150e+00
3.612e+00
3.144e+00
2.736e+00
2.381e+00
2.073e+00
1.804e+00
1.570e+00
1.367e+00
1.189e+00
1.035e+00
9.010e-01
7.842e-01
6.825e-01
5.941e-01
5.170e-01
4.500e-01
3.917e-01
3.409e-01
2.967e-01
2.582e-01
2.248e-01
1.956e-01
1.703e-01
1.482e-01
1.290e-01
1.123e-01
9.770e-02
8.504e-02
7.401e-02
6.442e-02
5.607e-02
4.880e-02
4.247e-02
3.697e-02
3.217e-02
2.800e-02
2.437e-02
2.121e-02
1.846e-02
1.607e-02
1.399e-02
1.217e-02
1.059e-02
9.221e-03
8.026e-03
6.985e-03
6.080e-03
5.291e-03
4.605e-03
4.008e-03
3.489e-03
3.036e-03
2.643e-03
2.300e-03
2.002e-03
1.742e-03
1.517e-03
1.320e-03
1.149e-03
9.999e-04
8.703e-04
7.575e-04
6.593e-04
5.738e-04
4.994e-04
4.347e-04
3.783e-04
3.293e-04
2.866e-04
2.494e-04
2.171e-04
1.889e-04
1.645e-04
1.431e-04
1.246e-04
1.084e-04
9.437e-05
8.214e-05
7.149e-05
6.222e-05
5.415e-05
4.713e-05
4.102e-05
3.570e-05
3.108e-05
2.705e-05
2.354e-05
2.049e-05
1.783e-05
1.552e-05
1.351e-05
1.176e-05
1.023e-05
8.907e-06
7.752e-06
6.747e-06
5.872e-06
5.111e-06
4.448e-06
3.872e-06
3.370e-06
2.933e-06
2.553e-06
2.222e-06
1.934e-06
1.683e-06
1.465e-06
