# arrays of finj_ct 
8.791e+02
7.651e+02
6.659e+02
5.796e+02
5.045e+02
4.391e+02
3.821e+02
3.326e+02
2.895e+02
2.520e+02
2.193e+02
1.909e+02
1.661e+02
1.446e+02
1.258e+02
1.095e+02
9.533e+01
8.297e+01
7.221e+01
6.285e+01
5.470e+01
4.761e+01
4.144e+01
3.607e+01
3.139e+01
2.732e+01
2.378e+01
2.070e+01
1.801e+01
1.568e+01
1.365e+01
1.188e+01
1.034e+01
8.997e+00
7.830e+00
6.815e+00
5.932e+00
5.163e+00
4.493e+00
3.911e+00
3.404e+00
2.963e+00
2.579e+00
2.244e+00
1.953e+00
1.700e+00
1.480e+00
1.288e+00
1.121e+00
9.756e-01
8.491e-01
7.390e-01
6.432e-01
5.598e-01
4.873e-01
4.241e-01
3.691e-01
3.213e-01
2.796e-01
2.434e-01
2.118e-01
1.844e-01
1.605e-01
1.396e-01
1.215e-01
1.058e-01
9.207e-02
8.014e-02
6.975e-02
6.071e-02
5.284e-02
4.599e-02
4.002e-02
3.484e-02
3.032e-02
2.639e-02
2.297e-02
1.999e-02
1.740e-02
1.514e-02
1.318e-02
1.147e-02
9.984e-03
8.690e-03
7.563e-03
6.583e-03
5.729e-03
4.987e-03
4.340e-03
3.777e-03
3.288e-03
2.862e-03
2.491e-03
2.168e-03
1.887e-03
1.642e-03
1.429e-03
1.244e-03
1.083e-03
9.423e-04
8.201e-04
7.138e-04
6.213e-04
5.407e-04
4.706e-04
4.096e-04
3.565e-04
3.103e-04
2.701e-04
2.351e-04
2.046e-04
1.781e-04
1.550e-04
1.349e-04
1.174e-04
1.022e-04
8.893e-05
7.740e-05
6.737e-05
5.863e-05
5.103e-05
4.442e-05
3.866e-05
3.365e-05
2.929e-05
2.549e-05
2.218e-05
1.931e-05
1.681e-05
1.463e-05
1.273e-05
1.108e-05
9.644e-06
8.393e-06
7.305e-06
6.358e-06
5.534e-06
4.816e-06
4.192e-06
3.649e-06
3.176e-06
2.764e-06
2.406e-06
2.094e-06
1.822e-06
1.586e-06
1.380e-06
1.201e-06
1.046e-06
9.101e-07
7.922e-07
6.895e-07
6.001e-07
5.223e-07
4.546e-07
3.956e-07
3.443e-07
2.997e-07
2.609e-07
2.270e-07
1.976e-07
1.720e-07
1.497e-07
1.303e-07
1.134e-07
9.869e-08
8.590e-08
7.476e-08
6.507e-08
5.663e-08
4.929e-08
4.290e-08
3.734e-08
3.250e-08
2.829e-08
2.462e-08
2.143e-08
1.865e-08
1.623e-08
1.413e-08
1.230e-08
1.070e-08
9.315e-09
8.107e-09
7.056e-09
6.141e-09
5.345e-09
4.652e-09
4.049e-09
3.524e-09
3.067e-09
2.670e-09
2.324e-09
2.022e-09
1.760e-09
1.532e-09
1.333e-09
1.160e-09
1.010e-09
8.791e-10
