# arrays of finj_ct 
4.161e+04
3.621e+04
3.152e+04
2.743e+04
2.388e+04
2.078e+04
1.809e+04
1.574e+04
1.370e+04
1.193e+04
1.038e+04
9.034e+03
7.863e+03
6.843e+03
5.956e+03
5.184e+03
4.512e+03
3.927e+03
3.418e+03
2.975e+03
2.589e+03
2.253e+03
1.961e+03
1.707e+03
1.486e+03
1.293e+03
1.125e+03
9.796e+02
8.526e+02
7.421e+02
6.459e+02
5.621e+02
4.892e+02
4.258e+02
3.706e+02
3.226e+02
2.808e+02
2.444e+02
2.127e+02
1.851e+02
1.611e+02
1.402e+02
1.220e+02
1.062e+02
9.245e+01
8.047e+01
7.003e+01
6.095e+01
5.305e+01
4.617e+01
4.019e+01
3.498e+01
3.044e+01
2.650e+01
2.306e+01
2.007e+01
1.747e+01
1.521e+01
1.323e+01
1.152e+01
1.003e+01
8.725e+00
7.594e+00
6.610e+00
5.753e+00
5.007e+00
4.358e+00
3.793e+00
3.301e+00
2.873e+00
2.501e+00
2.177e+00
1.894e+00
1.649e+00
1.435e+00
1.249e+00
1.087e+00
9.462e-01
8.235e-01
7.167e-01
6.238e-01
5.429e-01
4.726e-01
4.113e-01
3.580e-01
3.116e-01
2.712e-01
2.360e-01
2.054e-01
1.788e-01
1.556e-01
1.354e-01
1.179e-01
1.026e-01
8.930e-02
7.772e-02
6.764e-02
5.888e-02
5.124e-02
4.460e-02
3.882e-02
3.379e-02
2.941e-02
2.559e-02
2.228e-02
1.939e-02
1.687e-02
1.469e-02
1.278e-02
1.113e-02
9.683e-03
8.428e-03
7.335e-03
6.384e-03
5.557e-03
4.836e-03
4.209e-03
3.664e-03
3.189e-03
2.775e-03
2.415e-03
2.102e-03
1.830e-03
1.593e-03
1.386e-03
1.206e-03
1.050e-03
9.139e-04
7.954e-04
6.923e-04
6.025e-04
5.244e-04
4.564e-04
3.973e-04
3.458e-04
3.009e-04
2.619e-04
2.280e-04
1.984e-04
1.727e-04
1.503e-04
1.308e-04
1.139e-04
9.910e-05
8.625e-05
7.507e-05
6.534e-05
5.687e-05
4.949e-05
4.308e-05
3.749e-05
3.263e-05
2.840e-05
2.472e-05
2.152e-05
1.873e-05
1.630e-05
1.419e-05
1.235e-05
1.075e-05
9.353e-06
8.140e-06
7.085e-06
6.166e-06
5.367e-06
4.671e-06
4.066e-06
3.539e-06
3.080e-06
2.681e-06
2.333e-06
2.031e-06
1.767e-06
1.538e-06
1.339e-06
1.165e-06
1.014e-06
8.827e-07
7.683e-07
6.687e-07
5.820e-07
5.065e-07
4.409e-07
3.837e-07
3.340e-07
2.907e-07
2.530e-07
2.202e-07
1.916e-07
1.668e-07
1.452e-07
1.264e-07
1.100e-07
9.572e-08
8.331e-08
7.251e-08
6.311e-08
5.493e-08
4.781e-08
4.161e-08
