# arrays of finj_ct 
2.897e+02
2.522e+02
2.195e+02
1.910e+02
1.663e+02
1.447e+02
1.259e+02
1.096e+02
9.541e+01
8.304e+01
7.227e+01
6.290e+01
5.475e+01
4.765e+01
4.147e+01
3.610e+01
3.142e+01
2.734e+01
2.380e+01
2.071e+01
1.803e+01
1.569e+01
1.366e+01
1.189e+01
1.035e+01
9.004e+00
7.837e+00
6.821e+00
5.937e+00
5.167e+00
4.497e+00
3.914e+00
3.407e+00
2.965e+00
2.581e+00
2.246e+00
1.955e+00
1.702e+00
1.481e+00
1.289e+00
1.122e+00
9.764e-01
8.498e-01
7.396e-01
6.438e-01
5.603e-01
4.877e-01
4.244e-01
3.694e-01
3.215e-01
2.798e-01
2.436e-01
2.120e-01
1.845e-01
1.606e-01
1.398e-01
1.216e-01
1.059e-01
9.215e-02
8.020e-02
6.981e-02
6.076e-02
5.288e-02
4.603e-02
4.006e-02
3.487e-02
3.035e-02
2.641e-02
2.299e-02
2.001e-02
1.741e-02
1.516e-02
1.319e-02
1.148e-02
9.993e-03
8.697e-03
7.570e-03
6.588e-03
5.734e-03
4.991e-03
4.344e-03
3.781e-03
3.291e-03
2.864e-03
2.493e-03
2.170e-03
1.888e-03
1.643e-03
1.430e-03
1.245e-03
1.084e-03
9.431e-04
8.208e-04
7.144e-04
6.218e-04
5.412e-04
4.710e-04
4.100e-04
3.568e-04
3.106e-04
2.703e-04
2.353e-04
2.048e-04
1.782e-04
1.551e-04
1.350e-04
1.175e-04
1.023e-04
8.901e-05
7.747e-05
6.743e-05
5.868e-05
5.108e-05
4.445e-05
3.869e-05
3.368e-05
2.931e-05
2.551e-05
2.220e-05
1.932e-05
1.682e-05
1.464e-05
1.274e-05
1.109e-05
9.652e-06
8.400e-06
7.311e-06
6.364e-06
5.539e-06
4.821e-06
4.196e-06
3.652e-06
3.178e-06
2.766e-06
2.408e-06
2.095e-06
1.824e-06
1.587e-06
1.382e-06
1.202e-06
1.047e-06
9.109e-07
7.928e-07
6.900e-07
6.006e-07
5.227e-07
4.550e-07
3.960e-07
3.446e-07
3.000e-07
2.611e-07
2.272e-07
1.978e-07
1.721e-07
1.498e-07
1.304e-07
1.135e-07
9.878e-08
8.597e-08
7.483e-08
6.512e-08
5.668e-08
4.933e-08
4.294e-08
3.737e-08
3.253e-08
2.831e-08
2.464e-08
2.145e-08
1.867e-08
1.625e-08
1.414e-08
1.231e-08
1.071e-08
9.322e-09
8.114e-09
7.062e-09
6.146e-09
5.350e-09
4.656e-09
4.052e-09
3.527e-09
3.070e-09
2.672e-09
2.325e-09
2.024e-09
1.762e-09
1.533e-09
1.334e-09
1.161e-09
1.011e-09
8.798e-10
7.658e-10
6.665e-10
5.801e-10
5.049e-10
4.394e-10
3.825e-10
3.329e-10
2.897e-10
