# arrays of finj_ct 
3.195e+04
2.781e+04
2.420e+04
2.106e+04
1.833e+04
1.596e+04
1.389e+04
1.209e+04
1.052e+04
9.156e+03
7.969e+03
6.936e+03
6.037e+03
5.254e+03
4.573e+03
3.980e+03
3.464e+03
3.015e+03
2.624e+03
2.284e+03
1.988e+03
1.730e+03
1.506e+03
1.311e+03
1.141e+03
9.929e+02
8.642e+02
7.521e+02
6.546e+02
5.698e+02
4.959e+02
4.316e+02
3.757e+02
3.270e+02
2.846e+02
2.477e+02
2.156e+02
1.876e+02
1.633e+02
1.421e+02
1.237e+02
1.077e+02
9.371e+01
8.156e+01
7.099e+01
6.178e+01
5.377e+01
4.680e+01
4.073e+01
3.545e+01
3.086e+01
2.686e+01
2.338e+01
2.034e+01
1.771e+01
1.541e+01
1.341e+01
1.167e+01
1.016e+01
8.844e+00
7.697e+00
6.700e+00
5.831e+00
5.075e+00
4.417e+00
3.845e+00
3.346e+00
2.912e+00
2.535e+00
2.206e+00
1.920e+00
1.671e+00
1.455e+00
1.266e+00
1.102e+00
9.590e-01
8.347e-01
7.265e-01
6.323e-01
5.503e-01
4.790e-01
4.169e-01
3.628e-01
3.158e-01
2.749e-01
2.392e-01
2.082e-01
1.812e-01
1.577e-01
1.373e-01
1.195e-01
1.040e-01
9.051e-02
7.878e-02
6.856e-02
5.968e-02
5.194e-02
4.521e-02
3.934e-02
3.424e-02
2.980e-02
2.594e-02
2.258e-02
1.965e-02
1.710e-02
1.489e-02
1.296e-02
1.128e-02
9.815e-03
8.542e-03
7.435e-03
6.471e-03
5.632e-03
4.902e-03
4.266e-03
3.713e-03
3.232e-03
2.813e-03
2.448e-03
2.131e-03
1.855e-03
1.614e-03
1.405e-03
1.223e-03
1.064e-03
9.263e-04
8.062e-04
7.017e-04
6.107e-04
5.315e-04
4.626e-04
4.027e-04
3.505e-04
3.050e-04
2.655e-04
2.311e-04
2.011e-04
1.750e-04
1.523e-04
1.326e-04
1.154e-04
1.004e-04
8.742e-05
7.609e-05
6.622e-05
5.764e-05
5.017e-05
4.366e-05
3.800e-05
3.308e-05
2.879e-05
2.506e-05
2.181e-05
1.898e-05
1.652e-05
1.438e-05
1.251e-05
1.089e-05
9.480e-06
8.251e-06
7.181e-06
6.250e-06
5.440e-06
4.735e-06
4.121e-06
3.587e-06
3.122e-06
2.717e-06
2.365e-06
2.058e-06
1.791e-06
1.559e-06
1.357e-06
1.181e-06
1.028e-06
8.947e-07
7.787e-07
6.778e-07
5.899e-07
5.134e-07
4.469e-07
3.889e-07
3.385e-07
2.946e-07
2.564e-07
2.232e-07
1.942e-07
1.691e-07
1.471e-07
1.281e-07
1.115e-07
9.702e-08
8.444e-08
7.349e-08
6.397e-08
5.567e-08
4.846e-08
4.217e-08
3.671e-08
3.195e-08
