# arrays of finj_ct 
1.165e+03
1.014e+03
8.827e+02
7.682e+02
6.686e+02
5.820e+02
5.065e+02
4.408e+02
3.837e+02
3.340e+02
2.907e+02
2.530e+02
2.202e+02
1.916e+02
1.668e+02
1.452e+02
1.263e+02
1.100e+02
9.571e+01
8.330e+01
7.250e+01
6.311e+01
5.492e+01
4.780e+01
4.161e+01
3.621e+01
3.152e+01
2.743e+01
2.388e+01
2.078e+01
1.809e+01
1.574e+01
1.370e+01
1.192e+01
1.038e+01
9.033e+00
7.862e+00
6.843e+00
5.956e+00
5.184e+00
4.512e+00
3.927e+00
3.418e+00
2.975e+00
2.589e+00
2.253e+00
1.961e+00
1.707e+00
1.486e+00
1.293e+00
1.125e+00
9.795e-01
8.525e-01
7.420e-01
6.458e-01
5.621e-01
4.892e-01
4.258e-01
3.706e-01
3.226e-01
2.807e-01
2.443e-01
2.127e-01
1.851e-01
1.611e-01
1.402e-01
1.220e-01
1.062e-01
9.245e-02
8.046e-02
7.003e-02
6.095e-02
5.305e-02
4.617e-02
4.019e-02
3.498e-02
3.044e-02
2.650e-02
2.306e-02
2.007e-02
1.747e-02
1.520e-02
1.323e-02
1.152e-02
1.002e-02
8.725e-03
7.594e-03
6.609e-03
5.753e-03
5.007e-03
4.358e-03
3.793e-03
3.301e-03
2.873e-03
2.501e-03
2.176e-03
1.894e-03
1.649e-03
1.435e-03
1.249e-03
1.087e-03
9.461e-04
8.235e-04
7.167e-04
6.238e-04
5.429e-04
4.725e-04
4.113e-04
3.580e-04
3.116e-04
2.712e-04
2.360e-04
2.054e-04
1.788e-04
1.556e-04
1.354e-04
1.179e-04
1.026e-04
8.929e-05
7.772e-05
6.764e-05
5.887e-05
5.124e-05
4.460e-05
3.882e-05
3.378e-05
2.940e-05
2.559e-05
2.227e-05
1.939e-05
1.687e-05
1.469e-05
1.278e-05
1.112e-05
9.683e-06
8.427e-06
7.335e-06
6.384e-06
5.556e-06
4.836e-06
4.209e-06
3.663e-06
3.188e-06
2.775e-06
2.415e-06
2.102e-06
1.830e-06
1.592e-06
1.386e-06
1.206e-06
1.050e-06
9.138e-07
7.954e-07
6.923e-07
6.025e-07
5.244e-07
4.564e-07
3.972e-07
3.457e-07
3.009e-07
2.619e-07
2.280e-07
1.984e-07
1.727e-07
1.503e-07
1.308e-07
1.139e-07
9.909e-08
8.625e-08
7.507e-08
6.533e-08
5.686e-08
4.949e-08
4.308e-08
3.749e-08
3.263e-08
2.840e-08
2.472e-08
2.151e-08
1.873e-08
1.630e-08
1.418e-08
1.235e-08
1.075e-08
9.352e-09
8.140e-09
7.085e-09
6.166e-09
5.367e-09
4.671e-09
4.065e-09
3.538e-09
3.080e-09
2.680e-09
2.333e-09
2.030e-09
1.767e-09
1.538e-09
1.339e-09
1.165e-09
