# arrays of finj_ct 
9.011e+04
7.843e+04
6.826e+04
5.941e+04
5.171e+04
4.500e+04
3.917e+04
3.409e+04
2.967e+04
2.583e+04
2.248e+04
1.956e+04
1.703e+04
1.482e+04
1.290e+04
1.123e+04
9.771e+03
8.504e+03
7.402e+03
6.442e+03
5.607e+03
4.880e+03
4.247e+03
3.697e+03
3.218e+03
2.800e+03
2.437e+03
2.121e+03
1.846e+03
1.607e+03
1.399e+03
1.217e+03
1.060e+03
9.222e+02
8.026e+02
6.986e+02
6.080e+02
5.292e+02
4.606e+02
4.009e+02
3.489e+02
3.037e+02
2.643e+02
2.300e+02
2.002e+02
1.743e+02
1.517e+02
1.320e+02
1.149e+02
1.000e+02
8.703e+01
7.575e+01
6.593e+01
5.738e+01
4.994e+01
4.347e+01
3.783e+01
3.293e+01
2.866e+01
2.494e+01
2.171e+01
1.890e+01
1.645e+01
1.431e+01
1.246e+01
1.084e+01
9.438e+00
8.214e+00
7.149e+00
6.222e+00
5.416e+00
4.714e+00
4.103e+00
3.571e+00
3.108e+00
2.705e+00
2.354e+00
2.049e+00
1.783e+00
1.552e+00
1.351e+00
1.176e+00
1.023e+00
8.907e-01
7.752e-01
6.747e-01
5.873e-01
5.111e-01
4.449e-01
3.872e-01
3.370e-01
2.933e-01
2.553e-01
2.222e-01
1.934e-01
1.683e-01
1.465e-01
1.275e-01
1.110e-01
9.658e-02
8.406e-02
7.317e-02
6.368e-02
5.542e-02
4.824e-02
4.199e-02
3.654e-02
3.181e-02
2.768e-02
2.409e-02
2.097e-02
1.825e-02
1.589e-02
1.383e-02
1.203e-02
1.047e-02
9.116e-03
7.934e-03
6.905e-03
6.010e-03
5.231e-03
4.553e-03
3.963e-03
3.449e-03
3.002e-03
2.613e-03
2.274e-03
1.979e-03
1.723e-03
1.499e-03
1.305e-03
1.136e-03
9.885e-04
8.603e-04
7.488e-04
6.517e-04
5.672e-04
4.937e-04
4.297e-04
3.740e-04
3.255e-04
2.833e-04
2.466e-04
2.146e-04
1.868e-04
1.626e-04
1.415e-04
1.232e-04
1.072e-04
9.329e-05
8.120e-05
7.067e-05
6.151e-05
5.353e-05
4.659e-05
4.055e-05
3.530e-05
3.072e-05
2.674e-05
2.327e-05
2.025e-05
1.763e-05
1.534e-05
1.335e-05
1.162e-05
1.012e-05
8.805e-06
7.663e-06
6.670e-06
5.805e-06
5.052e-06
4.397e-06
3.827e-06
3.331e-06
2.899e-06
2.523e-06
2.196e-06
1.912e-06
1.664e-06
1.448e-06
1.260e-06
1.097e-06
9.547e-07
8.310e-07
7.232e-07
6.295e-07
5.479e-07
4.768e-07
4.150e-07
3.612e-07
3.144e-07
2.736e-07
2.382e-07
2.073e-07
1.804e-07
1.570e-07
1.367e-07
1.189e-07
1.035e-07
9.011e-08
