# arrays of finj_ct 
4.815e+05
4.190e+05
3.647e+05
3.174e+05
2.763e+05
2.405e+05
2.093e+05
1.822e+05
1.585e+05
1.380e+05
1.201e+05
1.045e+05
9.098e+04
7.918e+04
6.892e+04
5.998e+04
5.221e+04
4.544e+04
3.955e+04
3.442e+04
2.996e+04
2.608e+04
2.269e+04
1.975e+04
1.719e+04
1.496e+04
1.302e+04
1.133e+04
9.865e+03
8.586e+03
7.473e+03
6.504e+03
5.661e+03
4.927e+03
4.288e+03
3.733e+03
3.249e+03
2.827e+03
2.461e+03
2.142e+03
1.864e+03
1.623e+03
1.412e+03
1.229e+03
1.070e+03
9.311e+02
8.104e+02
7.053e+02
6.139e+02
5.343e+02
4.650e+02
4.047e+02
3.523e+02
3.066e+02
2.669e+02
2.323e+02
2.021e+02
1.759e+02
1.531e+02
1.333e+02
1.160e+02
1.010e+02
8.787e+01
7.648e+01
6.657e+01
5.794e+01
5.043e+01
4.389e+01
3.820e+01
3.325e+01
2.894e+01
2.519e+01
2.192e+01
1.908e+01
1.661e+01
1.445e+01
1.258e+01
1.095e+01
9.529e+00
8.293e+00
7.218e+00
6.283e+00
5.468e+00
4.759e+00
4.142e+00
3.605e+00
3.138e+00
2.731e+00
2.377e+00
2.069e+00
1.801e+00
1.567e+00
1.364e+00
1.187e+00
1.033e+00
8.993e-01
7.827e-01
6.813e-01
5.929e-01
5.161e-01
4.492e-01
3.909e-01
3.403e-01
2.961e-01
2.578e-01
2.243e-01
1.953e-01
1.699e-01
1.479e-01
1.287e-01
1.120e-01
9.752e-02
8.488e-02
7.387e-02
6.430e-02
5.596e-02
4.871e-02
4.239e-02
3.690e-02
3.211e-02
2.795e-02
2.433e-02
2.117e-02
1.843e-02
1.604e-02
1.396e-02
1.215e-02
1.057e-02
9.204e-03
8.011e-03
6.972e-03
6.068e-03
5.282e-03
4.597e-03
4.001e-03
3.482e-03
3.031e-03
2.638e-03
2.296e-03
1.998e-03
1.739e-03
1.514e-03
1.317e-03
1.147e-03
9.980e-04
8.686e-04
7.560e-04
6.580e-04
5.727e-04
4.985e-04
4.338e-04
3.776e-04
3.286e-04
2.860e-04
2.490e-04
2.167e-04
1.886e-04
1.641e-04
1.429e-04
1.243e-04
1.082e-04
9.419e-05
8.198e-05
7.135e-05
6.210e-05
5.405e-05
4.704e-05
4.095e-05
3.564e-05
3.102e-05
2.700e-05
2.350e-05
2.045e-05
1.780e-05
1.549e-05
1.348e-05
1.174e-05
1.021e-05
8.890e-06
7.737e-06
6.734e-06
5.861e-06
5.101e-06
4.440e-06
3.864e-06
3.363e-06
2.927e-06
2.548e-06
2.218e-06
1.930e-06
1.680e-06
1.462e-06
1.273e-06
1.108e-06
9.640e-07
8.390e-07
7.302e-07
6.356e-07
5.532e-07
4.815e-07
