# arrays of finj_ct 
1.481e+05
1.289e+05
1.122e+05
9.765e+04
8.499e+04
7.397e+04
6.438e+04
5.603e+04
4.877e+04
4.245e+04
3.694e+04
3.215e+04
2.799e+04
2.436e+04
2.120e+04
1.845e+04
1.606e+04
1.398e+04
1.217e+04
1.059e+04
9.216e+03
8.021e+03
6.981e+03
6.076e+03
5.288e+03
4.603e+03
4.006e+03
3.487e+03
3.035e+03
2.641e+03
2.299e+03
2.001e+03
1.741e+03
1.516e+03
1.319e+03
1.148e+03
9.993e+02
8.698e+02
7.570e+02
6.589e+02
5.735e+02
4.991e+02
4.344e+02
3.781e+02
3.291e+02
2.864e+02
2.493e+02
2.170e+02
1.888e+02
1.644e+02
1.430e+02
1.245e+02
1.084e+02
9.431e+01
8.209e+01
7.145e+01
6.218e+01
5.412e+01
4.711e+01
4.100e+01
3.568e+01
3.106e+01
2.703e+01
2.353e+01
2.048e+01
1.782e+01
1.551e+01
1.350e+01
1.175e+01
1.023e+01
8.901e+00
7.747e+00
6.743e+00
5.869e+00
5.108e+00
4.446e+00
3.869e+00
3.368e+00
2.931e+00
2.551e+00
2.220e+00
1.933e+00
1.682e+00
1.464e+00
1.274e+00
1.109e+00
9.652e-01
8.401e-01
7.312e-01
6.364e-01
5.539e-01
4.821e-01
4.196e-01
3.652e-01
3.178e-01
2.766e-01
2.408e-01
2.096e-01
1.824e-01
1.587e-01
1.382e-01
1.203e-01
1.047e-01
9.110e-02
7.929e-02
6.901e-02
6.006e-02
5.228e-02
4.550e-02
3.960e-02
3.447e-02
3.000e-02
2.611e-02
2.272e-02
1.978e-02
1.721e-02
1.498e-02
1.304e-02
1.135e-02
9.878e-03
8.598e-03
7.483e-03
6.513e-03
5.669e-03
4.934e-03
4.294e-03
3.737e-03
3.253e-03
2.831e-03
2.464e-03
2.145e-03
1.867e-03
1.625e-03
1.414e-03
1.231e-03
1.071e-03
9.323e-04
8.114e-04
7.062e-04
6.147e-04
5.350e-04
4.656e-04
4.053e-04
3.527e-04
3.070e-04
2.672e-04
2.326e-04
2.024e-04
1.762e-04
1.533e-04
1.335e-04
1.162e-04
1.011e-04
8.799e-05
7.658e-05
6.665e-05
5.801e-05
5.049e-05
4.395e-05
3.825e-05
3.329e-05
2.897e-05
2.522e-05
2.195e-05
1.910e-05
1.663e-05
1.447e-05
1.260e-05
1.096e-05
9.541e-06
8.304e-06
7.228e-06
6.291e-06
5.475e-06
4.765e-06
4.148e-06
3.610e-06
3.142e-06
2.735e-06
2.380e-06
2.071e-06
1.803e-06
1.569e-06
1.366e-06
1.189e-06
1.035e-06
9.005e-07
7.837e-07
6.821e-07
5.937e-07
5.167e-07
4.497e-07
3.914e-07
3.407e-07
2.965e-07
2.581e-07
2.246e-07
1.955e-07
1.702e-07
1.481e-07
