# arrays of finj_ct 
8.181e+06
7.121e+06
6.198e+06
5.394e+06
4.695e+06
4.086e+06
3.556e+06
3.095e+06
2.694e+06
2.345e+06
2.041e+06
1.776e+06
1.546e+06
1.346e+06
1.171e+06
1.019e+06
8.872e+05
7.722e+05
6.721e+05
5.849e+05
5.091e+05
4.431e+05
3.857e+05
3.357e+05
2.921e+05
2.543e+05
2.213e+05
1.926e+05
1.676e+05
1.459e+05
1.270e+05
1.105e+05
9.620e+04
8.373e+04
7.288e+04
6.343e+04
5.520e+04
4.805e+04
4.182e+04
3.640e+04
3.168e+04
2.757e+04
2.400e+04
2.089e+04
1.818e+04
1.582e+04
1.377e+04
1.199e+04
1.043e+04
9.079e+03
7.902e+03
6.878e+03
5.986e+03
5.210e+03
4.535e+03
3.947e+03
3.435e+03
2.990e+03
2.602e+03
2.265e+03
1.971e+03
1.716e+03
1.493e+03
1.300e+03
1.131e+03
9.845e+02
8.569e+02
7.458e+02
6.491e+02
5.650e+02
4.917e+02
4.280e+02
3.725e+02
3.242e+02
2.822e+02
2.456e+02
2.138e+02
1.860e+02
1.619e+02
1.409e+02
1.227e+02
1.068e+02
9.292e+01
8.087e+01
7.039e+01
6.126e+01
5.332e+01
4.641e+01
4.039e+01
3.516e+01
3.060e+01
2.663e+01
2.318e+01
2.017e+01
1.756e+01
1.528e+01
1.330e+01
1.158e+01
1.008e+01
8.770e+00
7.633e+00
6.643e+00
5.782e+00
5.032e+00
4.380e+00
3.812e+00
3.318e+00
2.888e+00
2.513e+00
2.188e+00
1.904e+00
1.657e+00
1.442e+00
1.255e+00
1.093e+00
9.509e-01
8.277e-01
7.204e-01
6.270e-01
5.457e-01
4.750e-01
4.134e-01
3.598e-01
3.131e-01
2.725e-01
2.372e-01
2.065e-01
1.797e-01
1.564e-01
1.361e-01
1.185e-01
1.031e-01
8.975e-02
7.811e-02
6.799e-02
5.917e-02
5.150e-02
4.483e-02
3.901e-02
3.396e-02
2.955e-02
2.572e-02
2.239e-02
1.949e-02
1.696e-02
1.476e-02
1.285e-02
1.118e-02
9.732e-03
8.470e-03
7.372e-03
6.417e-03
5.585e-03
4.861e-03
4.231e-03
3.682e-03
3.205e-03
2.789e-03
2.428e-03
2.113e-03
1.839e-03
1.601e-03
1.393e-03
1.213e-03
1.055e-03
9.185e-04
7.994e-04
6.958e-04
6.056e-04
5.271e-04
4.587e-04
3.993e-04
3.475e-04
3.025e-04
2.632e-04
2.291e-04
1.994e-04
1.736e-04
1.511e-04
1.315e-04
1.144e-04
9.960e-05
8.669e-05
7.545e-05
6.567e-05
5.715e-05
4.974e-05
4.330e-05
3.768e-05
3.280e-05
2.855e-05
2.485e-05
2.162e-05
1.882e-05
1.638e-05
1.426e-05
1.241e-05
1.080e-05
9.400e-06
8.181e-06
