# arrays of finj_ct 
6.609e+06
5.753e+06
5.007e+06
4.358e+06
3.793e+06
3.301e+06
2.873e+06
2.501e+06
2.176e+06
1.894e+06
1.649e+06
1.435e+06
1.249e+06
1.087e+06
9.461e+05
8.235e+05
7.167e+05
6.238e+05
5.429e+05
4.725e+05
4.113e+05
3.580e+05
3.116e+05
2.712e+05
2.360e+05
2.054e+05
1.788e+05
1.556e+05
1.354e+05
1.179e+05
1.026e+05
8.929e+04
7.772e+04
6.764e+04
5.887e+04
5.124e+04
4.460e+04
3.882e+04
3.378e+04
2.940e+04
2.559e+04
2.227e+04
1.939e+04
1.687e+04
1.469e+04
1.278e+04
1.112e+04
9.683e+03
8.427e+03
7.335e+03
6.384e+03
5.556e+03
4.836e+03
4.209e+03
3.663e+03
3.188e+03
2.775e+03
2.415e+03
2.102e+03
1.830e+03
1.592e+03
1.386e+03
1.206e+03
1.050e+03
9.138e+02
7.954e+02
6.923e+02
6.025e+02
5.244e+02
4.564e+02
3.972e+02
3.457e+02
3.009e+02
2.619e+02
2.280e+02
1.984e+02
1.727e+02
1.503e+02
1.308e+02
1.139e+02
9.909e+01
8.625e+01
7.507e+01
6.533e+01
5.686e+01
4.949e+01
4.308e+01
3.749e+01
3.263e+01
2.840e+01
2.472e+01
2.151e+01
1.873e+01
1.630e+01
1.418e+01
1.235e+01
1.075e+01
9.352e+00
8.140e+00
7.085e+00
6.166e+00
5.367e+00
4.671e+00
4.065e+00
3.538e+00
3.080e+00
2.680e+00
2.333e+00
2.030e+00
1.767e+00
1.538e+00
1.339e+00
1.165e+00
1.014e+00
8.827e-01
7.682e-01
6.686e-01
5.820e-01
5.065e-01
4.408e-01
3.837e-01
3.340e-01
2.907e-01
2.530e-01
2.202e-01
1.916e-01
1.668e-01
1.452e-01
1.263e-01
1.100e-01
9.571e-02
8.330e-02
7.250e-02
6.311e-02
5.492e-02
4.780e-02
4.161e-02
3.621e-02
3.152e-02
2.743e-02
2.388e-02
2.078e-02
1.809e-02
1.574e-02
1.370e-02
1.192e-02
1.038e-02
9.033e-03
7.862e-03
6.843e-03
5.956e-03
5.184e-03
4.512e-03
3.927e-03
3.418e-03
2.975e-03
2.589e-03
2.253e-03
1.961e-03
1.707e-03
1.486e-03
1.293e-03
1.125e-03
9.795e-04
8.525e-04
7.420e-04
6.458e-04
5.621e-04
4.892e-04
4.258e-04
3.706e-04
3.226e-04
2.807e-04
2.443e-04
2.127e-04
1.851e-04
1.611e-04
1.402e-04
1.220e-04
1.062e-04
9.245e-05
8.046e-05
7.003e-05
6.095e-05
5.305e-05
4.617e-05
4.019e-05
3.498e-05
3.044e-05
2.650e-05
2.306e-05
2.007e-05
1.747e-05
1.520e-05
1.323e-05
1.152e-05
1.002e-05
8.725e-06
7.594e-06
6.609e-06
