# arrays of finj_ct 
2.982e+07
2.595e+07
2.259e+07
1.966e+07
1.711e+07
1.489e+07
1.296e+07
1.128e+07
9.820e+06
8.547e+06
7.439e+06
6.474e+06
5.635e+06
4.904e+06
4.269e+06
3.715e+06
3.234e+06
2.814e+06
2.450e+06
2.132e+06
1.856e+06
1.615e+06
1.406e+06
1.223e+06
1.065e+06
9.268e+05
8.066e+05
7.020e+05
6.110e+05
5.318e+05
4.629e+05
4.029e+05
3.506e+05
3.052e+05
2.656e+05
2.312e+05
2.012e+05
1.751e+05
1.524e+05
1.327e+05
1.155e+05
1.005e+05
8.747e+04
7.613e+04
6.626e+04
5.767e+04
5.019e+04
4.369e+04
3.802e+04
3.309e+04
2.880e+04
2.507e+04
2.182e+04
1.899e+04
1.653e+04
1.439e+04
1.252e+04
1.090e+04
9.485e+03
8.255e+03
7.185e+03
6.253e+03
5.443e+03
4.737e+03
4.123e+03
3.588e+03
3.123e+03
2.718e+03
2.366e+03
2.059e+03
1.792e+03
1.560e+03
1.358e+03
1.182e+03
1.028e+03
8.951e+02
7.791e+02
6.781e+02
5.902e+02
5.137e+02
4.471e+02
3.891e+02
3.387e+02
2.948e+02
2.566e+02
2.233e+02
1.943e+02
1.692e+02
1.472e+02
1.281e+02
1.115e+02
9.707e+01
8.448e+01
7.353e+01
6.400e+01
5.570e+01
4.848e+01
4.219e+01
3.672e+01
3.196e+01
2.782e+01
2.421e+01
2.107e+01
1.834e+01
1.596e+01
1.389e+01
1.209e+01
1.053e+01
9.161e+00
7.973e+00
6.940e+00
6.040e+00
5.257e+00
4.575e+00
3.982e+00
3.466e+00
3.017e+00
2.626e+00
2.285e+00
1.989e+00
1.731e+00
1.507e+00
1.311e+00
1.141e+00
9.934e-01
8.646e-01
7.525e-01
6.550e-01
5.700e-01
4.961e-01
4.318e-01
3.758e-01
3.271e-01
2.847e-01
2.478e-01
2.157e-01
1.877e-01
1.634e-01
1.422e-01
1.238e-01
1.077e-01
9.375e-02
8.160e-02
7.102e-02
6.181e-02
5.380e-02
4.683e-02
4.076e-02
3.547e-02
3.087e-02
2.687e-02
2.339e-02
2.036e-02
1.772e-02
1.542e-02
1.342e-02
1.168e-02
1.017e-02
8.848e-03
7.701e-03
6.703e-03
5.834e-03
5.078e-03
4.419e-03
3.846e-03
3.348e-03
2.914e-03
2.536e-03
2.207e-03
1.921e-03
1.672e-03
1.455e-03
1.267e-03
1.102e-03
9.595e-04
8.351e-04
7.268e-04
6.326e-04
5.506e-04
4.792e-04
4.171e-04
3.630e-04
3.160e-04
2.750e-04
2.393e-04
2.083e-04
1.813e-04
1.578e-04
1.373e-04
1.195e-04
1.040e-04
9.056e-05
7.882e-05
6.860e-05
5.971e-05
5.197e-05
4.523e-05
3.936e-05
3.426e-05
2.982e-05
