# arrays of finj_ct 
4.976e+02
4.331e+02
3.769e+02
3.281e+02
2.855e+02
2.485e+02
2.163e+02
1.883e+02
1.639e+02
1.426e+02
1.241e+02
1.080e+02
9.403e+01
8.184e+01
7.123e+01
6.199e+01
5.396e+01
4.696e+01
4.087e+01
3.557e+01
3.096e+01
2.695e+01
2.345e+01
2.041e+01
1.777e+01
1.546e+01
1.346e+01
1.171e+01
1.020e+01
8.874e+00
7.724e+00
6.722e+00
5.851e+00
5.092e+00
4.432e+00
3.858e+00
3.357e+00
2.922e+00
2.543e+00
2.214e+00
1.927e+00
1.677e+00
1.460e+00
1.270e+00
1.106e+00
9.623e-01
8.375e-01
7.289e-01
6.344e-01
5.522e-01
4.806e-01
4.183e-01
3.641e-01
3.169e-01
2.758e-01
2.400e-01
2.089e-01
1.818e-01
1.583e-01
1.377e-01
1.199e-01
1.043e-01
9.082e-02
7.904e-02
6.880e-02
5.988e-02
5.212e-02
4.536e-02
3.948e-02
3.436e-02
2.991e-02
2.603e-02
2.265e-02
1.972e-02
1.716e-02
1.494e-02
1.300e-02
1.131e-02
9.848e-03
8.571e-03
7.460e-03
6.493e-03
5.651e-03
4.919e-03
4.281e-03
3.726e-03
3.243e-03
2.823e-03
2.457e-03
2.138e-03
1.861e-03
1.620e-03
1.410e-03
1.227e-03
1.068e-03
9.294e-04
8.090e-04
7.041e-04
6.128e-04
5.334e-04
4.642e-04
4.040e-04
3.517e-04
3.061e-04
2.664e-04
2.319e-04
2.018e-04
1.756e-04
1.529e-04
1.330e-04
1.158e-04
1.008e-04
8.772e-05
7.635e-05
6.645e-05
5.784e-05
5.034e-05
4.381e-05
3.813e-05
3.319e-05
2.889e-05
2.514e-05
2.188e-05
1.905e-05
1.658e-05
1.443e-05
1.256e-05
1.093e-05
9.512e-06
8.279e-06
7.206e-06
6.271e-06
5.458e-06
4.751e-06
4.135e-06
3.599e-06
3.132e-06
2.726e-06
2.373e-06
2.065e-06
1.797e-06
1.564e-06
1.362e-06
1.185e-06
1.031e-06
8.977e-07
7.814e-07
6.801e-07
5.919e-07
5.152e-07
4.484e-07
3.902e-07
3.397e-07
2.956e-07
2.573e-07
2.239e-07
1.949e-07
1.696e-07
1.476e-07
1.285e-07
1.118e-07
9.735e-08
8.473e-08
7.374e-08
6.418e-08
5.586e-08
4.862e-08
4.232e-08
3.683e-08
3.206e-08
2.790e-08
2.428e-08
2.114e-08
1.840e-08
1.601e-08
1.393e-08
1.213e-08
1.056e-08
9.188e-09
7.996e-09
6.960e-09
6.058e-09
5.272e-09
4.589e-09
3.994e-09
3.476e-09
3.025e-09
2.633e-09
2.292e-09
1.995e-09
1.736e-09
1.511e-09
1.315e-09
1.145e-09
9.963e-10
8.671e-10
7.547e-10
6.569e-10
5.717e-10
4.976e-10
